%%MatrixMarket matrix coordinate  real general
768 768 2304
1 1 1.31488119208718985e+02
2 1 1.07469641569457892e+02
3 1 8.59077060071584825e-02
1 2 1.07469641569457892e+02
2 2 1.31321797803316372e+02
3 2 8.58412785225613206e-02
1 3 8.59077060071584825e-02
2 3 8.58412785225613206e-02
3 3 4.78706381400816383e+01
4 4 1.31449741000669661e+02
5 4 1.07525346678689246e+02
6 4 2.36712823694376046e-01
4 5 1.07525346678689246e+02
5 5 1.31415932547971408e+02
6 5 2.36675615743040357e-01
4 6 2.36712823694376046e-01
5 6 2.36675615743040357e-01
6 6 4.78154985224145577e+01
7 7 1.31968492464609568e+02
8 7 1.08080518151678291e+02
9 7 -2.69535457743079465e-01
7 8 1.08080518151678291e+02
8 8 1.31453003897690422e+02
9 8 -2.68891853926374158e-01
7 9 -2.69535457743079465e-01
8 9 -2.68891853926374158e-01
9 9 4.72605161182973674e+01
10 10 1.31416295699135503e+02
11 10 1.07525689693974030e+02
12 10 -7.18724902558598888e-01
10 11 1.07525689693974030e+02
11 11 1.31450791843010194e+02
12 11 -7.18840191600481848e-01
10 12 -7.18724902558598888e-01
11 12 -7.18840191600481848e-01
12 12 4.78205098523029690e+01
13 13 1.31432050496434726e+02
14 13 1.07555610131919806e+02
15 13 -6.33738414046318477e-01
13 14 1.07555610131919806e+02
14 14 1.31464689796044581e+02
15 14 -6.33834584994174333e-01
13 15 -6.33738414046318477e-01
14 15 -6.33834584994174333e-01
15 15 4.77892524270665291e+01
16 16 1.31934437956701885e+02
17 16 1.08050954959662036e+02
18 16 -2.54642256902472330e-01
16 17 1.08050954959662036e+02
17 17 1.31457388804006513e+02
18 17 -2.54079429095899312e-01
16 18 -2.54642256902472330e-01
17 18 -2.54079429095899312e-01
18 18 4.72899892501148500e+01
19 19 1.31395691178833658e+02
20 19 1.07514287920596445e+02
21 19 1.27455037174439889e+00
19 20 1.07514287920596445e+02
20 20 1.31462579064676902e+02
21 20 1.27494684124539193e+00
19 21 1.27455037174439889e+00
20 21 1.27494684124539193e+00
21 21 4.78447958235981687e+01
22 22 1.31517991211794794e+02
23 22 1.07469022106259999e+02
24 22 1.25317475663433808e+00
22 23 1.07469022106259999e+02
23 23 1.31294988649784926e+02
24 23 1.25187570719348207e+00
22 24 1.25317475663433808e+00
23 24 1.25187570719348207e+00
24 24 4.78894125936631312e+01
25 25 1.31355099579389304e+02
26 25 1.07581439081368984e+02
27 25 1.93569319856375044e-01
25 26 1.07581439081368984e+02
26 26 1.31566724731305897e+02
27 26 1.93759833909161433e-01
25 27 1.93569319856375044e-01
26 27 1.93759833909161433e-01
27 27 4.77591907470772981e+01
28 28 1.31225247818678270e+02
29 28 1.07493863568763885e+02
30 28 7.21636722758829841e-01
28 29 1.07493863568763885e+02
29 29 1.31610367601355961e+02
30 29 7.22930285155890417e-01
28 30 7.21636722758829841e-01
29 30 7.22930285155890417e-01
30 30 4.78523955148203299e+01
31 31 1.31405134034315637e+02
32 31 1.07503113760334642e+02
33 31 1.27284172670712170e+00
31 32 1.07503113760334642e+02
32 32 1.31441944344186680e+02
33 32 1.27305961877046747e+00
31 33 1.27284172670712170e+00
32 33 1.27305961877046747e+00
33 33 4.78559177163033311e+01
34 34 1.31372091547091941e+02
35 34 1.07500747463107288e+02
36 34 2.32167337513891930e-01
34 35 1.07500747463107288e+02
35 35 1.31468997099378043e+02
36 35 2.32271982909654034e-01
34 36 2.32167337513891930e-01
35 36 2.32271982909654034e-01
36 36 4.78400734200032929e+01
37 37 1.31407446679467114e+02
38 37 1.07494471412968210e+02
39 37 -3.05564489354763769e-01
37 38 1.07494471412968210e+02
38 38 1.31427436748813903e+02
39 38 -3.05592896157719340e-01
37 39 -3.05564489354763769e-01
38 39 -3.05592896157719340e-01
39 39 4.78468081558006375e+01
40 40 1.31409452711312611e+02
41 40 1.07508084937063472e+02
42 40 -7.27867048475731027e-01
40 41 1.07508084937063472e+02
41 41 1.31440060314574595e+02
42 41 -7.27970650379114015e-01
40 42 -7.27867048475731027e-01
41 42 -7.27970650379114015e-01
42 42 4.78382687543284248e+01
43 43 1.31968259919397042e+02
44 43 1.08058550553833598e+02
45 43 -2.58557530137936475e-01
43 44 1.08058550553833598e+02
44 44 1.31431307882878684e+02
45 44 -2.57914399897640367e-01
43 45 -2.58557530137936475e-01
44 45 -2.57914399897640367e-01
45 45 4.72824166621182584e+01
46 46 1.31405134034315694e+02
47 46 1.07503113760334614e+02
48 46 -1.27284172670706730e+00
46 47 1.07503113760334614e+02
47 47 1.31441944344186567e+02
48 47 -1.27305961877041196e+00
46 48 -1.27284172670706730e+00
47 48 -1.27305961877041196e+00
48 48 4.78559177163033453e+01
49 49 1.31403240425717996e+02
50 49 1.07511669807529344e+02
51 49 -1.27461894319836588e+00
49 50 1.07511669807529344e+02
50 50 1.31452407064491240e+02
51 50 -1.27491037946540398e+00
49 51 -1.27461894319836588e+00
50 51 -1.27491037946540398e+00
51 51 4.78474146426499232e+01
52 52 1.31973014179824133e+02
53 52 1.08074192587959914e+02
54 52 -2.66391137578497417e-01
52 53 1.08074192587959914e+02
53 53 1.31442189940832378e+02
54 53 -2.65736122260309404e-01
52 54 -2.66391137578497417e-01
53 54 -2.65736122260309404e-01
54 54 4.72668221565478959e+01
55 55 1.31372091547091941e+02
56 55 1.07500747463107317e+02
57 55 -2.32167337513871863e-01
55 56 1.07500747463107317e+02
56 56 1.31468997099378043e+02
57 56 -2.32271982909633967e-01
55 57 -2.32167337513871863e-01
56 57 -2.32271982909633967e-01
57 57 4.78400734200032645e+01
58 58 1.31412952706310648e+02
59 58 1.07515069747037970e+02
60 58 -2.35224931675703880e-01
58 59 1.07515069747037970e+02
59 59 1.31442441686918926e+02
60 59 -2.35257188117260513e-01
58 60 -2.35224931675703880e-01
59 60 -2.35257188117260513e-01
60 60 4.78257675129696693e+01
61 61 1.31409526972516687e+02
62 61 1.07513280256635184e+02
63 61 -7.17763022375002557e-01
61 62 1.07513280256635184e+02
62 62 1.31445148178483720e+02
63 62 -7.17881919318296036e-01
61 63 -7.17763022375002557e-01
62 63 -7.17881919318296036e-01
63 63 4.78329036027735413e+01
64 64 1.31488119208718985e+02
65 64 1.07469641569457991e+02
66 64 -8.59077060070967541e-02
64 65 1.07469641569457991e+02
65 65 1.31321797803316457e+02
66 65 -8.58412785224996755e-02
64 66 -8.59077060070967541e-02
65 66 -8.58412785224996755e-02
66 66 4.78706381400815459e+01
67 67 1.31362671798792434e+02
68 67 1.07488174454669760e+02
69 67 -1.95340345756855577e-01
67 68 1.07488174454669760e+02
68 68 1.31465810124943488e+02
69 68 -1.95434061842119755e-01
67 69 -1.95340345756855577e-01
68 69 -1.95434061842119755e-01
69 69 4.78524633546768570e+01
70 70 1.31361226383634204e+02
71 70 1.07489965843291898e+02
72 70 -6.42304126164436884e-01
70 71 1.07489965843291898e+02
71 71 1.31469920658248554e+02
72 71 -6.42628876582698072e-01
70 72 -6.42304126164436884e-01
71 72 -6.42628876582698072e-01
72 72 4.78550269321392605e+01
73 73 1.31409452711312611e+02
74 73 1.07508084937063430e+02
75 73 7.27867048475770440e-01
73 74 1.07508084937063430e+02
74 74 1.31440060314574538e+02
75 74 7.27970650379153317e-01
73 75 7.27867048475770440e-01
74 75 7.27970650379153317e-01
75 75 4.78382687543284746e+01
76 76 1.31409526972516659e+02
77 76 1.07513280256635156e+02
78 76 7.17763022375000559e-01
76 77 1.07513280256635156e+02
77 77 1.31445148178483720e+02
78 77 7.17881919318294148e-01
76 78 7.17763022375000559e-01
77 78 7.17881919318294148e-01
78 78 4.78329036027735626e+01
79 79 1.31412952706310705e+02
80 79 1.07515069747037955e+02
81 79 2.35224931675707183e-01
79 80 1.07515069747037955e+02
80 80 1.31442441686918869e+02
81 80 2.35257188117263732e-01
79 81 2.35224931675707183e-01
80 81 2.35257188117263732e-01
81 81 4.78257675129696977e+01
82 82 1.31968259919397013e+02
83 82 1.08058550553833570e+02
84 82 2.58557530137825897e-01
82 83 1.08058550553833570e+02
83 83 1.31431307882878684e+02
84 83 2.57914399897530122e-01
82 84 2.58557530137825897e-01
83 84 2.57914399897530122e-01
84 84 4.72824166621183082e+01
85 85 1.31973014179824020e+02
86 85 1.08074192587959828e+02
87 85 2.66391137578458059e-01
85 86 1.08074192587959828e+02
86 86 1.31442189940832378e+02
87 86 2.65736122260270269e-01
85 87 2.66391137578458059e-01
86 87 2.65736122260270269e-01
87 87 4.72668221565479953e+01
88 88 1.31403240425718081e+02
89 88 1.07511669807529358e+02
90 88 1.27461894319839897e+00
88 89 1.07511669807529358e+02
89 89 1.31452407064491155e+02
90 89 1.27491037946543595e+00
88 90 1.27461894319839897e+00
89 90 1.27491037946543595e+00
90 90 4.78474146426499019e+01
91 91 1.31932452501733081e+02
92 91 1.08019008061117802e+02
93 91 2.38671129034157381e-01
91 92 1.08019008061117802e+02
92 92 1.31427472830101095e+02
93 92 2.38112669279065492e-01
91 93 2.38671129034157381e-01
92 93 2.38112669279065492e-01
93 93 4.73218450016320133e+01
94 94 1.31946941181955395e+02
95 94 1.08047947593911516e+02
96 94 2.53182576353386979e-01
94 95 1.08047947593911516e+02
95 95 1.31441940150190163e+02
96 95 2.52590216125368805e-01
94 96 2.53182576353386979e-01
95 96 2.52590216125368805e-01
96 96 4.72929879534735065e+01
97 97 1.31459177337273445e+02
98 97 1.07520939688494821e+02
99 97 1.24656816474617327e+00
97 98 1.07520939688494821e+02
98 98 1.31405574753458012e+02
99 98 1.24625751406179686e+00
97 99 1.24656816474617327e+00
98 99 1.24625751406179686e+00
99 99 4.78373130614138091e+01
100 100 1.31432050496434726e+02
101 100 1.07555610131919863e+02
102 100 6.33738414046246312e-01
100 101 1.07555610131919863e+02
101 101 1.31464689796044667e+02
102 101 6.33834584994102390e-01
100 102 6.33738414046246312e-01
101 102 6.33834584994102390e-01
102 102 4.77892524270664794e+01
103 103 1.31050628576155987e+02
104 103 1.07615777120768570e+02
105 103 2.89541895072163602e-01
103 104 1.07615777120768570e+02
104 104 1.31907243323394852e+02
105 104 2.90696944948740044e-01
103 105 2.89541895072163602e-01
104 105 2.90696944948740044e-01
105 105 4.77253948293134158e+01
106 106 1.30917453701565620e+02
107 106 1.07660241401245344e+02
108 106 7.81421846290799443e-02
106 107 1.07660241401245344e+02
107 107 1.32086169406080728e+02
108 107 7.85677074242529666e-02
106 108 7.81421846290799443e-02
107 108 7.85677074242529666e-02
108 108 4.76800238857565546e+01
109 109 1.31934437956701885e+02
110 109 1.08050954959662036e+02
111 109 2.54642256902470776e-01
109 110 1.08050954959662036e+02
110 110 1.31457388804006513e+02
111 110 2.54079429095897757e-01
109 111 2.54642256902470776e-01
110 111 2.54079429095897757e-01
111 111 4.72899892501148500e+01
112 112 1.32467846519488205e+02
113 112 1.07713554342802951e+02
114 112 8.96655315518325863e-02
112 113 1.07713554342802951e+02
113 113 1.30594075564458080e+02
114 113 8.88884065776498339e-02
112 114 8.96655315518325863e-02
113 114 8.88884065776498339e-02
114 114 4.76267321892071820e+01
115 115 1.31658793531928922e+02
116 115 1.07514071587687212e+02
117 115 6.69719106302793077e-01
115 116 1.07514071587687212e+02
116 116 1.31197008364777474e+02
117 116 6.68282592207083304e-01
115 117 6.69719106302793077e-01
116 117 6.68282592207083304e-01
117 117 4.78313251713494338e+01
118 118 1.31968492464609568e+02
119 118 1.08080518151678291e+02
120 118 2.69535457743073359e-01
118 119 1.08080518151678291e+02
119 119 1.31453003897690422e+02
120 119 2.68891853926368052e-01
118 120 2.69535457743073359e-01
119 120 2.68891853926368052e-01
120 120 4.72605161182973674e+01
121 121 1.31947508660338940e+02
122 121 1.08048984908199898e+02
123 121 2.53702923821872317e-01
121 122 1.08048984908199898e+02
122 122 1.31442410819524753e+02
123 122 2.53109235358633833e-01
121 123 2.53702923821872317e-01
122 123 2.53109235358633833e-01
123 123 4.72919536866437156e+01
124 124 1.31372061477162873e+02
125 124 1.07527308254869837e+02
126 124 1.27324765815047303e+00
124 125 1.07527308254869837e+02
125 125 1.31499249416380763e+02
126 125 1.27400083803493502e+00
124 126 1.27324765815047303e+00
125 126 1.27400083803493502e+00
126 126 4.78317410394216722e+01
127 127 1.31517991211794794e+02
128 127 1.07469022106259942e+02
129 127 -1.25317475663428168e+00
127 128 1.07469022106259942e+02
128 128 1.31294988649784898e+02
129 128 -1.25187570719342522e+00
127 129 -1.25317475663428168e+00
128 129 -1.25187570719342522e+00
129 129 4.78894125936631809e+01
130 130 1.31658793531929035e+02
131 130 1.07514071587687397e+02
132 130 -6.69719106302879452e-01
130 131 1.07514071587687397e+02
131 131 1.31197008364777531e+02
132 131 -6.68282592207169235e-01
130 132 -6.69719106302879452e-01
131 132 -6.68282592207169235e-01
132 132 4.78313251713492704e+01
133 133 1.32467846519488205e+02
134 133 1.07713554342802951e+02
135 133 -8.96655315518245788e-02
133 134 1.07713554342802951e+02
134 134 1.30594075564458080e+02
135 134 -8.88884065776418819e-02
133 135 -8.96655315518245788e-02
134 135 -8.88884065776418819e-02
135 135 4.76267321892071820e+01
136 136 1.31355099579389361e+02
137 136 1.07581439081369069e+02
138 136 -1.93569319856352895e-01
136 137 1.07581439081369069e+02
137 137 1.31566724731305897e+02
138 137 -1.93759833909139145e-01
136 138 -1.93569319856352895e-01
137 138 -1.93759833909139145e-01
138 138 4.77591907470771986e+01
139 139 1.30917453701565591e+02
140 139 1.07660241401245344e+02
141 139 -7.81421846290804023e-02
139 140 1.07660241401245344e+02
140 140 1.32086169406080785e+02
141 140 -7.85677074242534662e-02
139 141 -7.81421846290804023e-02
140 141 -7.85677074242534662e-02
141 141 4.76800238857565546e+01
142 142 1.31050628576155844e+02
143 142 1.07615777120768485e+02
144 142 -2.89541895072132516e-01
142 143 1.07615777120768485e+02
143 143 1.31907243323394880e+02
144 143 -2.90696944948708957e-01
142 144 -2.89541895072132516e-01
143 144 -2.90696944948708957e-01
144 144 4.77253948293135153e+01
145 145 1.31449741000669604e+02
146 145 1.07525346678689331e+02
147 145 -2.36712823694384594e-01
145 146 1.07525346678689331e+02
146 146 1.31415932547971551e+02
147 146 -2.36675615743049073e-01
145 147 -2.36712823694384594e-01
146 147 -2.36675615743049073e-01
147 147 4.78154985224144866e+01
148 148 1.31465068523524678e+02
149 148 1.07545126865394110e+02
150 148 -2.31594169887598095e-01
148 149 1.07545126865394110e+02
149 149 1.31420381606831882e+02
150 149 -2.31546058732942317e-01
148 150 -2.31594169887598095e-01
149 150 -2.31546058732942317e-01
150 150 4.77956903868929999e+01
151 151 1.31445751924089677e+02
152 151 1.07525018953566175e+02
153 151 -7.32451342264061167e-01
151 152 1.07525018953566175e+02
152 152 1.31420709544142966e+02
153 152 -7.32366061650731592e-01
151 153 -7.32451342264061167e-01
152 153 -7.32366061650731592e-01
153 153 4.78214104679504999e+01
154 154 1.31395691178833630e+02
155 154 1.07514287920596345e+02
156 154 -1.27455037174433850e+00
154 155 1.07514287920596345e+02
155 155 1.31462579064676845e+02
156 155 -1.27494684124533153e+00
154 156 -1.27455037174433850e+00
155 156 -1.27494684124533153e+00
156 156 4.78447958235982611e+01
157 157 1.31372061477162873e+02
158 157 1.07527308254869837e+02
159 157 -1.27324765815047880e+00
157 158 1.07527308254869837e+02
158 158 1.31499249416380763e+02
159 158 -1.27400083803494102e+00
157 159 -1.27324765815047880e+00
158 159 -1.27400083803494102e+00
159 159 4.78317410394216722e+01
160 160 1.31947508660338940e+02
161 160 1.08048984908199927e+02
162 160 -2.53702923821877813e-01
160 161 1.08048984908199927e+02
161 161 1.31442410819524810e+02
162 161 -2.53109235358639384e-01
160 162 -2.53702923821877813e-01
161 162 -2.53109235358639384e-01
162 162 4.72919536866436658e+01
163 163 1.31416295699135503e+02
164 163 1.07525689693974059e+02
165 163 7.18724902558573464e-01
163 164 1.07525689693974059e+02
164 164 1.31450791843010251e+02
165 164 7.18840191600456535e-01
163 165 7.18724902558573464e-01
164 165 7.18840191600456535e-01
165 165 4.78205098523029193e+01
166 166 1.31445751924089762e+02
167 166 1.07525018953566274e+02
168 166 7.32451342264037297e-01
166 167 1.07525018953566274e+02
167 167 1.31420709544142966e+02
168 167 7.32366061650707389e-01
166 168 7.32451342264037297e-01
167 168 7.32366061650707389e-01
168 168 4.78214104679504004e+01
169 169 1.31465068523524678e+02
170 169 1.07545126865394053e+02
171 169 2.31594169887587298e-01
169 170 1.07545126865394053e+02
170 170 1.31420381606831796e+02
171 170 2.31546058732931492e-01
169 171 2.31594169887587298e-01
170 171 2.31546058732931492e-01
171 171 4.77956903868930496e+01
172 172 1.31407446679467171e+02
173 172 1.07494471412968267e+02
174 172 3.05564489354725355e-01
172 173 1.07494471412968267e+02
173 173 1.31427436748813932e+02
174 173 3.05592896157680816e-01
172 174 3.05564489354725355e-01
173 174 3.05592896157680816e-01
174 174 4.78468081558005593e+01
175 175 1.31361226383634204e+02
176 175 1.07489965843291841e+02
177 175 6.42304126164521927e-01
175 176 1.07489965843291841e+02
176 176 1.31469920658248469e+02
177 176 6.42628876582783115e-01
175 177 6.42304126164521927e-01
176 177 6.42628876582783115e-01
177 177 4.78550269321393316e+01
178 178 1.31362671798792462e+02
179 178 1.07488174454669817e+02
180 178 1.95340345756835093e-01
178 179 1.07488174454669817e+02
179 179 1.31465810124943488e+02
180 179 1.95434061842099188e-01
178 180 1.95340345756835093e-01
179 180 1.95434061842099188e-01
180 180 4.78524633546768072e+01
181 181 1.31225247818678270e+02
182 181 1.07493863568763928e+02
183 181 -7.21636722758779103e-01
181 182 1.07493863568763928e+02
182 182 1.31610367601356018e+02
183 182 -7.22930285155839680e-01
181 183 -7.21636722758779103e-01
182 183 -7.22930285155839680e-01
183 183 4.78523955148202731e+01
184 184 1.31459177337273445e+02
185 184 1.07520939688494821e+02
186 184 -1.24656816474613907e+00
184 185 1.07520939688494821e+02
185 185 1.31405574753458012e+02
186 185 -1.24625751406176266e+00
184 186 -1.24656816474613907e+00
185 186 -1.24625751406176266e+00
186 186 4.78373130614138091e+01
187 187 1.31946941181955339e+02
188 187 1.08047947593911488e+02
189 187 -2.53182576353381039e-01
187 188 1.08047947593911488e+02
188 188 1.31441940150190163e+02
189 188 -2.52590216125362976e-01
187 189 -2.53182576353381039e-01
188 189 -2.52590216125362976e-01
189 189 4.72929879534735562e+01
190 190 1.31932452501733053e+02
191 190 1.08019008061117802e+02
192 190 -2.38671129034123436e-01
190 191 1.08019008061117802e+02
191 191 1.31427472830101095e+02
192 191 -2.38112669279031658e-01
190 192 -2.38671129034123436e-01
191 192 -2.38112669279031658e-01
192 192 4.73218450016320133e+01
193 193 1.31441702586206958e+02
194 193 1.07543211206896601e+02
195 193 -0.00000000000000000e+00
193 194 1.07543211206896601e+02
194 194 1.31441702586206958e+02
195 194 -0.00000000000000000e+00
193 195 -0.00000000000000000e+00
194 195 -0.00000000000000000e+00
195 195 4.77969827586207003e+01
196 196 1.30415409824394459e+02
197 196 1.07369054495794117e+02
198 196 -8.25495821941058111e-02
196 197 1.07369054495794117e+02
197 197 1.32302136307783371e+02
198 197 -8.32774704779518926e-02
196 198 -8.25495821941058111e-02
197 198 -8.32774704779518926e-02
198 198 4.79712194386335327e+01
199 199 1.30903777191359239e+02
200 199 1.07848987653663499e+02
201 199 -3.20271428719592521e-01
199 200 1.07848987653663499e+02
200 200 1.32290105433606328e+02
201 200 -3.22339422265716657e-01
199 201 -3.20271428719592521e-01
200 201 -3.22339422265716657e-01
201 201 4.74924045445774752e+01
202 202 1.31762376215511608e+02
203 202 1.07454666701858514e+02
204 202 9.29296504081361663e-02
202 203 1.07454666701858514e+02
203 203 1.31033739155162465e+02
204 203 9.26152415284869635e-02
202 204 9.29296504081361663e-02
203 204 9.26152415284869635e-02
204 204 4.78856273425677017e+01
205 205 1.31965268910588549e+02
206 205 1.07425048201747245e+02
207 205 7.91214925899733357e-02
205 206 1.07425048201747245e+02
206 206 1.30803129037876118e+02
207 206 7.86949101208126445e-02
205 207 7.91214925899733357e-02
206 207 7.86949101208126445e-02
207 207 4.79152181751384276e+01
208 208 1.31691063366115571e+02
209 208 1.07441155606943099e+02
210 208 7.21107221197177795e-02
208 209 1.07441155606943099e+02
209 209 1.31091135334105871e+02
210 209 7.19097731843543198e-02
208 210 7.21107221197177795e-02
209 210 7.19097731843543198e-02
210 210 4.78990986590678816e+01
211 211 1.31468105926241662e+02
212 211 1.07550010044466973e+02
213 211 2.24405169959524114e-01
211 212 1.07550010044466973e+02
212 212 1.31422220013264081e+02
213 212 2.24357302657598623e-01
211 213 2.24405169959524114e-01
212 213 2.24357302657598623e-01
213 213 4.77907690965261835e+01
214 214 1.31469801793439331e+02
215 214 1.07571918942010711e+02
216 214 2.35366641049594927e-01
214 215 1.07571918942010711e+02
215 215 1.31442441599928515e+02
216 215 2.35336707016315899e-01
214 216 2.35366641049594927e-01
215 216 2.35336707016315899e-01
216 216 4.77689187529487711e+01
217 217 1.31451436688160356e+02
218 217 1.07547252652055747e+02
219 217 2.47673456560348171e-01
217 218 1.07547252652055747e+02
218 218 1.31436153058331342e+02
219 218 2.47655858325800088e-01
217 219 2.47673456560348171e-01
218 219 2.47655858325800088e-01
219 219 4.77936542430436546e+01
220 220 1.31441702586206958e+02
221 220 1.07543211206896601e+02
222 220 -0.00000000000000000e+00
220 221 1.07543211206896601e+02
221 221 1.31441702586206958e+02
222 221 -0.00000000000000000e+00
220 222 -0.00000000000000000e+00
221 222 -0.00000000000000000e+00
222 222 4.77969827586207003e+01
223 223 1.30911373519512097e+02
224 223 1.07012550319758233e+02
225 223 -2.64429594554794922e-01
223 224 1.07012550319758233e+02
224 224 1.31442190744777264e+02
225 224 -2.65084609863241838e-01
223 225 -2.64429594554794922e-01
224 225 -2.65084609863241838e-01
225 225 4.83284604050253108e+01
226 226 1.31436533108238450e+02
227 226 1.07550135193967890e+02
228 226 -5.33948506804122869e-01
226 227 1.07550135193967890e+02
227 227 1.31454459589319583e+02
228 227 -5.33993009283347142e-01
226 228 -5.33948506804122869e-01
227 228 -5.33993009283347142e-01
228 228 4.77933727268174238e+01
229 229 1.31437474419309012e+02
230 229 1.07549560739418581e+02
231 229 -7.30750151236365109e-01
229 230 1.07549560739418581e+02
230 230 1.31453522284768013e+02
231 230 -7.30804673523599235e-01
229 231 -7.30750151236365109e-01
230 231 -7.30804673523599235e-01
231 231 4.77968402285321261e+01
232 232 1.31471603705269303e+02
233 232 1.07575358198215639e+02
234 232 -7.17987362217721747e-01
232 233 1.07575358198215639e+02
233 233 1.31445148121244472e+02
234 233 -7.17899069044015348e-01
232 234 -7.17987362217721747e-01
233 234 -7.17899069044015348e-01
234 234 4.77708259473889427e+01
235 235 1.31450420806691398e+02
236 235 1.07551488651489777e+02
237 235 -7.05961479023963001e-01
235 236 1.07551488651489777e+02
236 236 1.31442420426485995e+02
237 236 -7.05935221636907362e-01
235 237 -7.05961479023963001e-01
236 237 -7.05935221636907362e-01
237 237 4.77944976509539643e+01
238 238 1.31511926883656514e+02
239 238 1.07583610373380480e+02
240 238 -6.48008628560362454e-01
238 239 1.07583610373380480e+02
239 239 1.31412875775805247e+02
240 239 -6.47710335188346864e-01
238 240 -6.48008628560362454e-01
239 240 -6.47710335188346864e-01
240 240 4.77614611799203601e+01
241 241 1.31518733550781405e+02
242 241 1.07598567703244754e+02
243 241 -6.40560112467496445e-01
241 242 1.07598567703244754e+02
242 242 1.31421003475302001e+02
243 242 -6.40269199691379076e-01
241 243 -6.40560112467496445e-01
242 243 -6.40269199691379076e-01
243 243 4.77463920624766587e+01
244 244 1.31438852178051889e+02
245 244 1.07570565189195563e+02
246 244 -6.26292220091160701e-01
244 245 1.07570565189195563e+02
245 245 1.31472821506971087e+02
246 245 -6.26391127359518629e-01
244 246 -6.26292220091160701e-01
245 246 -6.26391127359518629e-01
246 246 4.77741880174061251e+01
247 247 1.31441702586206958e+02
248 247 1.07543211206896601e+02
249 247 -0.00000000000000000e+00
247 248 1.07543211206896601e+02
248 248 1.31441702586206958e+02
249 248 -0.00000000000000000e+00
247 249 -0.00000000000000000e+00
248 249 -0.00000000000000000e+00
249 249 4.77969827586207003e+01
250 250 1.30936787051064641e+02
251 250 1.07038261284969778e+02
252 250 -2.51658384312266004e-01
250 251 1.07038261284969778e+02
251 251 1.31442411826502763e+02
252 251 -2.52252072759452273e-01
250 252 -2.51658384312266004e-01
251 252 -2.52252072759452273e-01
252 252 4.83026722749842108e+01
253 253 1.31428067698234258e+02
254 253 1.07546232436551165e+02
255 253 -5.06279715427293775e-01
253 254 1.07546232436551165e+02
254 254 1.31458956848925226e+02
255 254 -5.06352427642984937e-01
253 255 -5.06279715427293775e-01
254 255 -5.06352427642984937e-01
255 255 4.77969411644188611e+01
256 256 1.31435035207113629e+02
257 256 1.07547455457096206e+02
258 256 1.25825334014924994e+00
256 257 1.07547455457096206e+02
257 257 1.31456295878921253e+02
258 257 1.25837771642296725e+00
256 258 1.25825334014924994e+00
257 258 1.25837771642296725e+00
258 258 4.78111415718314774e+01
259 259 1.31472669382188855e+02
260 259 1.07581099681248503e+02
261 259 1.27534669341305640e+00
259 260 1.07581099681248503e+02
260 260 1.31452405190201375e+02
261 260 1.27522656659489519e+00
259 261 1.27534669341305640e+00
260 261 1.27522656659489519e+00
261 261 4.77779941403796826e+01
262 262 1.31433317288468345e+02
263 262 1.07547937063486202e+02
264 262 1.29164351072266248e+00
262 263 1.07547937063486202e+02
263 263 1.31458693848301380e+02
264 263 1.29179590570279879e+00
262 264 1.29164351072266248e+00
263 264 1.29179590570279879e+00
264 264 4.78116499561496937e+01
265 265 1.31509420586227918e+02
266 265 1.07527030049943704e+02
267 265 1.22422440083662676e+00
265 266 1.07527030049943704e+02
266 266 1.31361336224355171e+02
267 266 1.22338177777942048e+00
265 267 1.22422440083662676e+00
266 267 1.22338177777942048e+00
267 267 4.78305729905004000e+01
268 268 1.31416276823675872e+02
269 268 1.07571865657724814e+02
270 268 1.24615609102257441e+00
268 269 1.07571865657724814e+02
269 269 1.31499409672545397e+02
270 269 1.24663776244123681e+00
268 270 1.24615609102257441e+00
269 270 1.24663776244123681e+00
270 270 4.77863823557434060e+01
271 271 1.31424883467042491e+02
272 271 1.07513929235906375e+02
273 271 1.27509494801507706e+00
271 272 1.07513929235906375e+02
272 272 1.31433020046582499e+02
273 272 1.27514319066045401e+00
271 273 1.27509494801507706e+00
272 273 1.27514319066045401e+00
273 273 4.78451655210223024e+01
274 274 1.31433880056040323e+02
275 274 1.07589414347780135e+02
276 274 1.89702481442809073e-01
274 275 1.07589414347780135e+02
275 275 1.31495820837448150e+02
276 275 1.89757108242927380e-01
274 276 1.89702481442809073e-01
275 276 1.89757108242927380e-01
276 276 4.77511979338829988e+01
277 277 1.31518459370512147e+02
278 277 1.07598573812804048e+02
279 277 1.94366658294188893e-01
277 278 1.07598573812804048e+02
278 278 1.31420418505383822e+02
279 278 1.94278104944844876e-01
277 279 1.94366658294188893e-01
278 279 1.94278104944844876e-01
279 279 4.77420589467233611e+01
280 280 1.31439672674134414e+02
281 280 1.07590709605971696e+02
282 280 1.98233361919414264e-01
280 281 1.07590709605971696e+02
281 281 1.31491328451017068e+02
282 281 1.98280965399499604e-01
280 282 1.98233361919414264e-01
281 282 1.98280965399499604e-01
282 282 4.77499411202174784e+01
283 283 1.31544516449364778e+02
284 283 1.07589854433336029e+02
285 283 6.74911797276085856e-01
283 284 1.07589854433336029e+02
284 284 1.31386647751840115e+02
285 284 6.74416718431441464e-01
283 285 6.74911797276085856e-01
284 285 6.74416718431441464e-01
285 285 4.77556289278394530e+01
286 286 1.31221934464917155e+02
287 286 1.07575413594495956e+02
288 286 6.66907994936787984e-01
286 287 1.07575413594495956e+02
287 287 1.31695229796374292e+02
288 287 6.68376906105923263e-01
286 288 6.66907994936787984e-01
287 288 6.68376906105923263e-01
288 288 4.77699605798010154e+01
289 289 1.30902827201777029e+02
290 289 1.07477834814257648e+02
291 289 7.13571926720798055e-01
289 290 1.07477834814257648e+02
290 290 1.31918791378565174e+02
291 290 7.16951466529100800e-01
289 291 7.13571926720798055e-01
290 291 7.16951466529100800e-01
291 291 4.78683073318951671e+01
292 292 1.31450197042658829e+02
293 292 1.07533109914883198e+02
294 292 1.25815398340430562e+00
292 293 1.07533109914883198e+02
293 293 1.31426787624337976e+02
294 293 1.25801705272734043e+00
292 294 1.25815398340430562e+00
293 294 1.25801705272734043e+00
294 294 4.78254816138827863e+01
295 295 1.31504187034115688e+02
296 295 1.07565605878025082e+02
297 295 1.27478081144866762e+00
295 296 1.07565605878025082e+02
296 296 1.31405410998948753e+02
297 296 1.27419558822630008e+00
295 297 1.27478081144866762e+00
296 297 1.27419558822630008e+00
297 297 4.77934656444299506e+01
298 298 1.31459113084307148e+02
299 298 1.07535627425217214e+02
300 298 1.28946886219823331e+00
298 299 1.07535627425217214e+02
299 299 1.31420576393239401e+02
300 299 1.28923784682253584e+00
298 300 1.28946886219823331e+00
299 300 1.28923784682253584e+00
300 300 4.78238897126681692e+01
301 301 1.31395372959170800e+02
302 301 1.07521459468073758e+02
303 301 2.21848450285957233e-01
301 302 1.07521459468073758e+02
302 302 1.31466406666118047e+02
303 302 2.21921736669249831e-01
301 303 2.21848450285957233e-01
302 303 2.21921736669249831e-01
303 303 4.78193068016603178e+01
304 304 1.31416582756873822e+02
305 304 1.07542031417427040e+02
306 304 2.32157755223568185e-01
304 305 1.07542031417427040e+02
305 305 1.31465773572420005e+02
306 305 2.32210856628490697e-01
304 306 2.32157755223568185e-01
305 306 2.32210856628490697e-01
306 306 4.77987891545364150e+01
307 307 1.31393298560906487e+02
308 307 1.07521320555340338e+02
309 307 2.42476547666247877e-01
307 308 1.07521320555340338e+02
308 308 1.31468365799746834e+02
309 308 2.42561197654131311e-01
307 309 2.42476547666247877e-01
308 309 2.42561197654131311e-01
309 309 4.78195571045538017e+01
310 310 1.31545374978191148e+02
311 310 1.07468762531265483e+02
312 310 -2.92980812326153361e-01
310 311 1.07468762531265483e+02
311 311 1.31263965024814183e+02
312 311 -2.92597607220120237e-01
310 312 -2.92980812326153361e-01
311 312 -2.92597607220120237e-01
312 312 4.78724281857777569e+01
313 313 1.31828757235194018e+02
314 313 1.07470767267098580e+02
315 313 -2.91624559008893836e-01
313 314 1.07470767267098580e+02
314 314 1.30984060204702160e+02
315 314 -2.90481143556973964e-01
313 315 -2.91624559008893836e-01
314 315 -2.90481143556973964e-01
315 315 4.78704116501690677e+01
316 316 1.31690860769127795e+02
317 316 1.07497265974769917e+02
318 316 -3.04226204982126880e-01
316 317 1.07497265974769917e+02
317 317 1.31147500303261552e+02
318 317 -3.03458463549715840e-01
316 318 -3.04226204982126880e-01
317 318 -3.03458463549715840e-01
318 318 4.78440012761793767e+01
319 319 1.31452587856547353e+02
320 319 1.07541186863012001e+02
321 319 -7.44593394797573915e-01
319 320 1.07541186863012001e+02
320 320 1.31430082848123703e+02
321 320 -7.44515490013652137e-01
319 321 -7.44593394797573915e-01
320 321 -7.44515490013652137e-01
321 321 4.78054505963113812e+01
322 322 1.31435375272247825e+02
323 322 1.07563558335272432e+02
324 322 -7.33367084136306358e-01
322 323 1.07563558335272432e+02
323 323 1.31469630088111188e+02
324 323 -7.33483878269149514e-01
322 324 -7.33367084136306358e-01
323 324 -7.33483878269149514e-01
324 324 4.77828872908451885e+01
325 325 1.31392240860419179e+02
326 325 1.07530439811191428e+02
327 325 -7.16644306809669285e-01
325 326 1.07530439811191428e+02
326 326 1.31479605099498372e+02
327 326 -7.16935469639278788e-01
325 327 -7.16644306809669285e-01
326 327 -7.16935469639278788e-01
327 327 4.78157263511391903e+01
328 328 1.31441702586206958e+02
329 328 1.07543211206896601e+02
330 328 -0.00000000000000000e+00
328 329 1.07543211206896601e+02
329 329 1.31441702586206958e+02
330 329 -0.00000000000000000e+00
328 330 -0.00000000000000000e+00
329 330 -0.00000000000000000e+00
330 330 4.77969827586207003e+01
331 331 1.30937352532367925e+02
332 331 1.07038358038685800e+02
333 331 -2.51611974851512932e-01
331 332 1.07038358038685800e+02
332 332 1.31441940603009272e+02
333 332 -2.52204335076281427e-01
331 333 -2.51611974851512932e-01
332 333 -2.52204335076281427e-01
333 333 4.83025752446036449e+01
334 334 1.31462372768516332e+02
335 334 1.07554049898808344e+02
336 334 -5.10179570303863184e-01
334 335 1.07554049898808344e+02
335 335 1.31432478123476471e+02
336 335 -5.10108669659463443e-01
334 336 -5.10179570303863184e-01
335 336 -5.10108669659463443e-01
336 336 4.77891688180310652e+01
337 337 1.31459113084307177e+02
338 337 1.07535627425217299e+02
339 337 -1.28946886219823975e+00
337 338 1.07535627425217299e+02
338 338 1.31420576393239401e+02
339 338 -1.28923784682254206e+00
337 339 -1.28946886219823975e+00
338 339 -1.28923784682254206e+00
339 339 4.78238897126680982e+01
340 340 1.31504187034115688e+02
341 340 1.07565605878025039e+02
342 340 -1.27478081144863875e+00
340 341 1.07565605878025039e+02
341 341 1.31405410998948724e+02
342 341 -1.27419558822627077e+00
340 342 -1.27478081144863875e+00
341 342 -1.27419558822627077e+00
342 342 4.77934656444300003e+01
343 343 1.31450197042658885e+02
344 343 1.07533109914883298e+02
345 343 -1.25815398340432227e+00
343 344 1.07533109914883298e+02
344 344 1.31426787624338061e+02
345 344 -1.25801705272735709e+00
343 345 -1.25815398340432227e+00
344 345 -1.25801705272735709e+00
345 345 4.78254816138826868e+01
346 346 1.31442575572287694e+02
347 346 1.07545631858214620e+02
348 346 -1.29188163836947556e+00
346 347 1.07545631858214620e+02
347 347 1.31447130006715099e+02
348 347 -1.29190899332796327e+00
346 348 -1.29188163836947556e+00
347 348 -1.29190899332796327e+00
348 348 4.78139606425647585e+01
349 349 1.31480483035349152e+02
350 349 1.07578433243474123e+02
351 349 -1.27575362263508296e+00
349 350 1.07578433243474123e+02
350 350 1.31441929737340615e+02
351 350 -1.27552501134012441e+00
349 351 -1.27575362263508296e+00
350 351 -1.27552501134012441e+00
351 351 4.77806712673934513e+01
352 352 1.31441139789084673e+02
353 352 1.07544476249760123e+02
354 352 -1.25849089719604934e+00
352 353 1.07544476249760123e+02
353 353 1.31447212305512636e+02
354 353 -1.25852642774547463e+00
352 354 -1.25849089719604934e+00
353 354 -1.25852642774547463e+00
354 354 4.78141266837543597e+01
355 355 1.31441702586206958e+02
356 355 1.07543211206896601e+02
357 355 -0.00000000000000000e+00
355 356 1.07543211206896601e+02
356 356 1.31441702586206958e+02
357 356 -0.00000000000000000e+00
355 357 -0.00000000000000000e+00
356 357 -0.00000000000000000e+00
357 357 4.77969827586207003e+01
358 358 1.30916110662595969e+02
359 358 1.07006426343897957e+02
360 358 -2.67510837738756224e-01
358 359 1.07006426343897957e+02
359 359 1.31431295359445954e+02
360 359 -2.68153965594018273e-01
358 360 -2.67510837738756224e-01
359 360 -2.68153965594018273e-01
360 360 4.83346034892174501e+01
361 361 1.31445792635426471e+02
362 361 1.07537685336187963e+02
363 361 -5.33912219790019793e-01
361 362 1.07537685336187963e+02
362 362 1.31432749705665742e+02
363 362 -5.33879843381463770e-01
361 363 -5.33912219790019793e-01
362 363 -5.33879843381463770e-01
363 363 4.78058218488977360e+01
364 364 1.31393298560906459e+02
365 364 1.07521320555340338e+02
366 364 -2.42476547666261366e-01
364 365 1.07521320555340338e+02
365 365 1.31468365799746920e+02
366 365 -2.42561197654144939e-01
364 366 -2.42476547666261366e-01
365 366 -2.42561197654144939e-01
366 366 4.78195571045538017e+01
367 367 1.31416582756873822e+02
368 367 1.07542031417427097e+02
369 367 -2.32157755223578011e-01
367 368 1.07542031417427097e+02
368 368 1.31465773572420062e+02
369 368 -2.32210856628500606e-01
367 369 -2.32157755223578011e-01
368 369 -2.32210856628500606e-01
369 369 4.77987891545363652e+01
370 370 1.31395372959170771e+02
371 370 1.07521459468073743e+02
372 370 -2.21848450285951820e-01
370 371 1.07521459468073743e+02
371 371 1.31466406666118047e+02
372 371 -2.21921736669244390e-01
370 372 -2.21848450285951820e-01
371 372 -2.21921736669244390e-01
372 372 4.78193068016603391e+01
373 373 1.31431316626136919e+02
374 373 1.07539832845476568e+02
375 373 -2.47632720080188218e-01
373 374 1.07539832845476568e+02
374 374 1.31448853465477441e+02
375 374 -2.47652911673668624e-01
373 375 -2.47632720080188218e-01
374 375 -2.47652911673668624e-01
375 375 4.78010739484714335e+01
376 376 1.31432977306123206e+02
377 376 1.07561642223619103e+02
378 376 -2.36735566734655734e-01
376 377 1.07561642223619103e+02
377 377 1.31468992190441952e+02
378 377 -2.36775206531252197e-01
376 378 -2.36735566734655734e-01
377 378 -2.36775206531252197e-01
378 378 4.77792032041718429e+01
379 379 1.31414613215178633e+02
380 379 1.07536876215082771e+02
381 379 -2.24328613540082544e-01
379 380 1.07536876215082771e+02
380 380 1.31462579327446804e+02
381 380 -2.24378647764896910e-01
379 381 -2.24328613540082544e-01
380 381 -2.24378647764896910e-01
381 381 4.78039028176550573e+01
382 382 1.31443579364769846e+02
383 382 1.07539507233561991e+02
384 382 -7.31011449646015832e-01
382 383 1.07539507233561991e+02
383 383 1.31437364142023426e+02
384 383 -7.30990326112066158e-01
382 384 -7.31011449646015832e-01
383 384 -7.30990326112066158e-01
384 384 4.78068978215262490e+01
385 385 1.31464356614508745e+02
386 385 1.07563048338200673e+02
387 385 -7.19329694274076226e-01
385 386 1.07563048338200673e+02
386 386 1.31440089658887445e+02
387 386 -7.19248548985280567e-01
385 387 -7.19329694274076226e-01
386 387 -7.19248548985280567e-01
387 387 4.77831586316271952e+01
388 388 1.31430300112502096e+02
389 388 1.07536822719416605e+02
390 388 -7.06081853205643317e-01
388 389 1.07536822719416605e+02
389 389 1.31447876369911455e+02
390 389 -7.06139555988994139e-01
388 390 -7.06081853205643317e-01
389 390 -7.06139555988994139e-01
390 390 4.78091666427059039e+01
391 391 1.31691063366115458e+02
392 391 1.07441155606943056e+02
393 391 -7.21107221197593018e-02
391 392 1.07441155606943056e+02
392 392 1.31091135334105900e+02
393 392 -7.19097731843957727e-02
391 393 -7.21107221197593018e-02
392 393 -7.19097731843957727e-02
393 393 4.78990986590679313e+01
394 394 1.31965268910588634e+02
395 394 1.07425048201747245e+02
396 394 -7.91214925900327881e-02
394 395 1.07425048201747245e+02
395 395 1.30803129037876033e+02
396 395 -7.86949101208717083e-02
394 396 -7.91214925900327881e-02
395 396 -7.86949101208717083e-02
396 396 4.79152181751384276e+01
397 397 1.31762376215511637e+02
398 397 1.07454666701858514e+02
399 397 -9.29296504080974473e-02
397 398 1.07454666701858514e+02
398 398 1.31033739155162436e+02
399 398 -9.26152415284483138e-02
397 399 -9.29296504080974473e-02
398 399 -9.26152415284483138e-02
399 399 4.78856273425677017e+01
400 400 1.31440695170681352e+02
401 400 1.07496428958238695e+02
402 400 -1.99530803463064510e-01
400 401 1.07496428958238695e+02
401 401 1.31396024943721102e+02
402 401 -1.99489359212713602e-01
400 402 -1.99530803463064510e-01
401 402 -1.99489359212713602e-01
402 402 4.78442277621335279e+01
403 403 1.31524286507894061e+02
404 403 1.07505635515946778e+02
405 403 -1.94959589725497817e-01
403 404 1.07505635515946778e+02
404 404 1.31321726661851898e+02
405 404 -1.94776039010776142e-01
403 405 -1.94959589725497817e-01
404 405 -1.94776039010776142e-01
405 405 4.78349999009156690e+01
406 406 1.31446256841250630e+02
407 406 1.07497489271629291e+02
408 406 -1.90769214001872800e-01
406 407 1.07497489271629291e+02
407 407 1.31391517959864643e+02
408 407 -1.90720659657638569e-01
406 408 -1.90769214001872800e-01
407 408 -1.90720659657638569e-01
408 408 4.78431276791175790e+01
409 409 1.31368771003461234e+02
410 409 1.07505478069305710e+02
411 409 -6.50092741391766427e-01
409 410 1.07505478069305710e+02
410 410 1.31477911836979075e+02
411 410 -6.50422756626715448e-01
409 411 -6.50092741391766427e-01
410 411 -6.50422756626715448e-01
411 411 4.78396314479097882e+01
412 412 1.31447418285379996e+02
413 412 1.07532993087448844e+02
414 412 -6.36605818879267704e-01
412 413 1.07532993087448844e+02
413 413 1.31426711816901957e+02
414 413 -6.36544532852340472e-01
412 414 -6.36605818879267704e-01
413 414 -6.36544532852340472e-01
414 414 4.78119111408796513e+01
415 415 1.31439868521734837e+02
416 415 1.07517479107494992e+02
417 415 -6.28814837601512577e-01
415 416 1.07517479107494992e+02
416 416 1.31418724790565420e+02
417 416 -6.28753018858780988e-01
415 417 -6.28814837601512577e-01
416 417 -6.28753018858780988e-01
417 417 4.78273108576097954e+01
418 418 1.31392240860419207e+02
419 418 1.07530439811191513e+02
420 418 7.16644306809776865e-01
418 419 1.07530439811191513e+02
419 419 1.31479605099498428e+02
420 419 7.16935469639386480e-01
418 420 7.16644306809776865e-01
