%%MatrixMarket matrix coordinate  real general
768 768 2304
1 1 1.35838633609085178e+02
2 1 1.06550692852108909e+02
3 1 -3.22706985749139988e-02
1 2 1.06550692852108909e+02
2 2 1.26266149303615180e+02
3 2 -3.08600640576636338e-02
1 3 -3.22706985749139988e-02
2 3 -3.08600640576636338e-02
3 3 4.87895127423688066e+01
4 4 1.36677473261728579e+02
5 4 1.05951499487408171e+02
6 4 2.40841497080827721e-01
4 5 1.05951499487408171e+02
5 5 1.24936924330442082e+02
6 5 2.27960989945526882e-01
4 6 2.40841497080827721e-01
5 6 2.27960989945526882e-01
6 6 4.93893373796692075e+01
7 7 1.31953734605238225e+02
8 7 1.06659572441742739e+02
9 7 4.38656965826791978e-01
7 8 1.06659572441742739e+02
8 8 1.30054893129401876e+02
9 8 4.34785650501336940e-01
7 9 4.38656965826791978e-01
8 9 4.34785650501336940e-01
9 9 4.86828474677445655e+01
10 10 1.35439858999557828e+02
11 10 1.05884110140824291e+02
12 10 -6.35984184711578915e-01
10 11 1.05884110140824291e+02
11 11 1.25994264095276804e+02
12 11 -6.08460252982644278e-01
10 12 -6.35984184711578915e-01
11 12 -6.08460252982644278e-01
12 12 4.94606166259737492e+01
13 13 1.35737526928172031e+02
14 13 1.06313421604540082e+02
15 13 -1.32744101660325509e+00
13 14 1.06313421604540082e+02
14 14 1.26135478484160984e+02
15 14 -1.26917803500418835e+00
13 15 -1.32744101660325509e+00
14 15 -1.26917803500418835e+00
15 15 4.90464669564723650e+01
16 16 1.33326891103884520e+02
17 16 1.08053771609796868e+02
18 16 -2.69929815310524068e-01
16 17 1.08053771609796868e+02
17 17 1.30091515524607900e+02
18 17 -2.65909484340421387e-01
16 18 -2.69929815310524068e-01
17 18 -2.65909484340421387e-01
18 18 4.72872546591418654e+01
19 19 1.33271899947456831e+02
20 19 1.05686484850506943e+02
21 19 9.69213294745935428e-01
19 20 1.05686484850506943e+02
20 20 1.27826446909288123e+02
21 20 9.44777803066644717e-01
19 21 9.69213294745935428e-01
20 21 9.44777803066644717e-01
21 21 4.96644449787706819e+01
22 22 1.34668050003203291e+02
23 22 1.05596093493844620e+02
24 22 3.69956847084506313e+00
22 23 1.05596093493844620e+02
23 23 1.26457201075694755e+02
24 23 3.55981256059798090e+00
22 24 3.69956847084506313e+00
23 24 3.55981256059798090e+00
24 24 4.98985518281701559e+01
25 25 1.35714973833448113e+02
26 25 1.06466379094511197e+02
27 25 3.19205845351055784e-01
25 26 1.06466379094511197e+02
26 26 1.26298873781681834e+02
27 26 3.05470103355338030e-01
25 27 3.19205845351055784e-01
26 27 3.05470103355338030e-01
27 27 4.88749539290576251e+01
28 28 1.35570883219614814e+02
29 28 1.06526998861721182e+02
30 28 -1.91296593241258672e+00
28 29 1.06526998861721182e+02
29 29 1.26496729019303032e+02
30 29 -1.83359863592641159e+00
28 30 -1.91296593241258672e+00
29 30 -1.83359863592641159e+00
30 30 4.88541568692587447e+01
31 31 1.33395624324186088e+02
32 31 1.05787061416903299e+02
33 31 -1.78224660321718709e+00
31 32 1.05787061416903299e+02
32 32 1.27811941658416600e+02
33 32 -1.73621020396511305e+00
31 33 -1.78224660321718709e+00
32 33 -1.73621020396511305e+00
33 33 4.95893938057498076e+01
34 34 1.36791508714243349e+02
35 34 1.06065439035100752e+02
36 34 -2.89714708678729727e-01
34 35 1.06065439035100752e+02
35 35 1.24942683356686402e+02
36 35 -2.74089678825624405e-01
34 36 -2.89714708678729727e-01
35 36 -2.74089678825624405e-01
36 36 4.92756842905134675e+01
37 37 1.35872970390111362e+02
38 37 1.06438232578517542e+02
39 37 2.87475866594682439e-01
37 38 1.06438232578517542e+02
38 38 1.26127449381957106e+02
39 38 2.74681135261633458e-01
37 39 2.87475866594682439e-01
38 39 2.74681135261633458e-01
39 39 4.89028839451420794e+01
40 40 1.35525771574408736e+02
41 40 1.05958201526782020e+02
42 40 1.07344530979262487e+00
40 41 1.05958201526782020e+02
41 41 1.25988130919330530e+02
42 41 1.02656295092793459e+00
40 42 1.07344530979262487e+00
41 42 1.02656295092793459e+00
42 42 4.93948957007235450e+01
43 43 1.31041573106962346e+02
44 43 1.05747996767990287e+02
45 43 8.95655376356282451e-01
43 44 1.05747996767990287e+02
44 44 1.30050790583247561e+02
45 44 8.91504568251210716e-01
43 45 8.95655376356282451e-01
44 45 8.91504568251210716e-01
45 45 4.96015561610300750e+01
46 46 1.33395677060202786e+02
47 46 1.05786849621462011e+02
48 46 1.78190439030969672e+00
46 47 1.05786849621462011e+02
47 47 1.27811682570951874e+02
48 47 1.73587424855459593e+00
46 48 1.78190439030969672e+00
47 48 1.73587424855459593e+00
48 48 4.95895916598705213e+01
49 49 1.33209181446917057e+02
50 49 1.05698473025063578e+02
51 49 4.06735194644074260e-01
49 50 1.05698473025063578e+02
50 50 1.27896044657809895e+02
51 50 3.96727217527695741e-01
49 51 4.06735194644074260e-01
50 51 3.96727217527695741e-01
51 51 4.96436127215601815e+01
52 52 1.31498264271311200e+02
53 52 1.06151852846751225e+02
54 52 6.93815429565738606e-01
52 53 1.06151852846751225e+02
53 53 1.30000152166397527e+02
54 53 6.88968501862549765e-01
52 54 6.93815429565738606e-01
53 54 6.88968501862549765e-01
54 54 4.91939333686073823e+01
55 55 1.36791432418131905e+02
56 55 1.06065756720120433e+02
57 55 2.89767958590777475e-01
55 56 1.06065756720120433e+02
56 56 1.24943052261767292e+02
57 56 2.74140649906544076e-01
55 57 2.89767958590777475e-01
56 57 2.74140649906544076e-01
57 57 4.92753669477885055e+01
58 58 1.36653233411540981e+02
59 58 1.05954029325534236e+02
60 58 9.83762682801843369e-02
58 59 1.05954029325534236e+02
59 59 1.24960939077320617e+02
60 59 9.31360559391614246e-02
58 60 9.83762682801843369e-02
59 60 9.31360559391614246e-02
60 60 4.93862719291532031e+01
61 61 1.35497721459477560e+02
62 61 1.05869412905464898e+02
63 61 2.50723794390298516e-01
61 62 1.05869412905464898e+02
62 62 1.25926543463830853e+02
63 62 2.39731305301938175e-01
61 63 2.50723794390298516e-01
62 63 2.39731305301938175e-01
63 63 4.94714851690886945e+01
64 64 1.35839051269503585e+02
65 64 1.06550775437041153e+02
66 64 3.21301337698269851e-02
64 65 1.06550775437041153e+02
65 65 1.26265846315878562e+02
66 65 3.07255409076529866e-02
64 66 3.21301337698269851e-02
65 66 3.07255409076529866e-02
66 66 4.87894300563072747e+01
67 67 1.36674529270828771e+02
68 67 1.06245216048358699e+02
69 67 2.40141872347736762e-01
67 68 1.06245216048358699e+02
68 68 1.25217767936756601e+02
69 68 2.27617430379692204e-01
67 69 2.40141872347736762e-01
68 69 2.27617430379692204e-01
69 69 4.90956171056769648e+01
70 70 1.36083827338069113e+02
71 70 1.06226854849520450e+02
72 70 1.12420590536718756e+00
70 71 1.06226854849520450e+02
71 71 1.25736322693873419e+02
72 71 1.07110583937070580e+00
70 72 1.12420590536718756e+00
71 72 1.07110583937070580e+00
72 72 4.91274211583027878e+01
73 73 1.35525114828563119e+02
74 73 1.05958080168278372e+02
75 73 -1.07305381825263790e+00
73 74 1.05958080168278372e+02
74 74 1.25988613710954297e+02
75 74 -1.02619400286635387e+00
73 75 -1.07305381825263790e+00
74 75 -1.02619400286635387e+00
75 75 4.93950077250189636e+01
76 76 1.35497570842833852e+02
77 76 1.05869160982857096e+02
78 76 -2.50552602829303805e-01
76 77 1.05869160982857096e+02
77 77 1.25926440101829456e+02
78 77 -2.39567659609362410e-01
76 78 -2.50552602829303805e-01
77 78 -2.39567659609362410e-01
78 78 4.94717361314572841e+01
79 79 1.36652398691447530e+02
80 79 1.05954060150280426e+02
81 79 -9.80809406632585368e-02
79 80 1.05954060150280426e+02
80 80 1.24961716306617987e+02
81 80 -9.28571603190007921e-02
79 81 -9.80809406632585368e-02
80 81 -9.28571603190007921e-02
81 81 4.93862404619947384e+01
82 82 1.31041530450728317e+02
83 82 1.05747918962120934e+02
84 82 -8.95714767234002562e-01
82 83 1.05747918962120934e+02
83 83 1.30050755647576693e+02
84 83 -8.91563714654664774e-01
82 84 -8.95714767234002562e-01
83 84 -8.91563714654664774e-01
84 84 4.96016352118522121e+01
85 85 1.31498190285297483e+02
86 85 1.06151651860217683e+02
87 85 -6.93785825153930835e-01
85 86 1.06151651860217683e+02
86 86 1.30000025445835661e+02
87 86 -6.88938929711885750e-01
85 87 -6.93785825153930835e-01
86 87 -6.88938929711885750e-01
87 87 4.91941338817645786e+01
88 88 1.33209290160125533e+02
89 88 1.05698524573985949e+02
90 88 -4.06428813704490299e-01
88 89 1.05698524573985949e+02
89 89 1.27895990953145329e+02
90 89 -3.96428075796196322e-01
88 90 -4.06428813704490299e-01
89 90 -3.96428075796196322e-01
90 90 4.96435583217931864e+01
91 91 1.29671668764094335e+02
92 91 1.04408967988740471e+02
93 91 -1.55680486377258376e+00
91 92 1.04408967988740471e+02
92 92 1.30083621911005025e+02
93 92 -1.55983354952505104e+00
91 93 -1.55680486377258376e+00
92 93 -1.55983354952505104e+00
93 93 5.09598679425826973e+01
94 94 1.30562525316006912e+02
95 94 1.05179772020752040e+02
96 94 -1.17799447059684703e+00
94 95 1.05179772020752040e+02
95 95 1.29961542036297288e+02
96 95 -1.17467116192682597e+00
94 96 -1.17799447059684703e+00
95 96 -1.17467116192682597e+00
96 96 5.01766841153575953e+01
97 97 1.33369328048345295e+02
98 97 1.05871724675731883e+02
99 97 -3.03645881484719560e+00
97 98 1.05871724675731883e+02
98 98 1.27932871738469132e+02
99 98 -2.96010160673690326e+00
97 99 -3.03645881484719560e+00
98 99 -2.96010160673690326e+00
99 99 4.95737494083860710e+01
100 100 1.35737454905931571e+02
101 100 1.06313446541973136e+02
102 100 1.32783338415186081e+00
100 101 1.06313446541973136e+02
101 101 1.26135570394921871e+02
102 101 1.26955416051633807e+00
100 102 1.32783338415186081e+00
101 102 1.26955416051633807e+00
102 102 4.90464536761826793e+01
103 103 1.33781768313354092e+02
104 103 1.06888114641855182e+02
105 103 3.88111569305261195e-01
103 104 1.06888114641855182e+02
104 104 1.28511635804218031e+02
105 104 3.78690068741972308e-01
103 105 3.88111569305261195e-01
104 105 3.78690068741972308e-01
105 105 4.84537928531730557e+01
106 106 1.33902607789094645e+02
107 106 1.06971413427750662e+02
108 106 4.38141657179414376e-02
106 107 1.06971413427750662e+02
107 107 1.28477591588776136e+02
108 107 4.27201263487383617e-02
106 108 4.38141657179414376e-02
107 108 4.27201263487383617e-02
108 108 4.83688023515084851e+01
109 109 1.33326818062314601e+02
110 109 1.08053707261282185e+02
111 109 2.69860692142880054e-01
109 110 1.08053707261282185e+02
110 110 1.30091522932662002e+02
111 110 2.65841488687192151e-01
109 111 2.69860692142880054e-01
110 111 2.65841488687192151e-01
111 111 4.72873185819967006e+01
112 112 1.38257762239739691e+02
113 112 1.07890349830916733e+02
114 112 3.78375802232607861e-01
112 113 1.07890349830916733e+02
113 113 1.25358901463989554e+02
114 113 3.56398586209571822e-01
112 114 3.78375802232607861e-01
113 114 3.56398586209571822e-01
114 114 4.74514090301118401e+01
115 115 1.35407055045553705e+02
116 115 1.06571968153919627e+02
117 115 1.90142867501729262e+00
115 116 1.06571968153919627e+02
116 116 1.26690554402311150e+02
117 116 1.82560038827903193e+00
115 117 1.90142867501729262e+00
116 117 1.82560038827903193e+00
117 117 4.88087544365672059e+01
118 118 1.31953870923126857e+02
119 118 1.06659603386952043e+02
120 118 -4.38697636066765539e-01
118 119 1.06659603386952043e+02
119 119 1.30054789960519258e+02
120 119 -4.34825476237885977e-01
118 120 -4.38697636066765539e-01
119 120 -4.34825476237885977e-01
120 120 4.86828169325041245e+01
121 121 1.32430943702655100e+02
122 121 1.07041737386708647e+02
123 121 -2.44754635529818992e-01
121 122 1.07041737386708647e+02
122 122 1.29965290750470984e+02
123 122 -2.41958481229260919e-01
121 123 -2.44754635529818992e-01
122 123 -2.41958481229260919e-01
123 123 4.82991465202769703e+01
124 124 1.33272731280694160e+02
125 124 1.05818912537716869e+02
126 124 2.35991531789927889e+00
124 125 1.05818912537716869e+02
125 125 1.27965107336912169e+02
126 125 2.30194324334007705e+00
124 126 2.35991531789927889e+00
125 126 2.30194324334007705e+00
126 126 4.95849298736396520e+01
127 127 1.34668188766718600e+02
128 127 1.05596354484294793e+02
129 127 -3.69961408269427983e+00
127 128 1.05596354484294793e+02
128 128 1.26457324424982829e+02
129 128 -3.55985636039866904e+00
127 129 -3.69961408269427983e+00
128 129 -3.55985636039866904e+00
129 129 4.98982944527049099e+01
130 130 1.35407173743227901e+02
131 130 1.06571615237173361e+02
132 130 -1.90140958815837080e+00
130 131 1.06571615237173361e+02
131 131 1.26690105976778170e+02
132 131 -1.82557710894787895e+00
130 132 -1.90140958815837080e+00
131 132 -1.82557710894787895e+00
132 132 4.88091064965106796e+01
133 133 1.38258226325852149e+02
134 133 1.07890532346323866e+02
135 133 -3.78392868826797069e-01
133 134 1.07890532346323866e+02
134 134 1.25358661664082192e+02
135 134 -3.56413517146439096e-01
133 135 -3.78392868826797069e-01
134 135 -3.56413517146439096e-01
135 135 4.74512266495256227e+01
136 136 1.35714904264189755e+02
137 136 1.06466164266370868e+02
138 136 -3.18646256895915803e-01
136 137 1.06466164266370868e+02
137 137 1.26298731145071883e+02
138 137 -3.04934477027394180e-01
136 138 -3.18646256895915803e-01
137 138 -3.04934477027394180e-01
138 138 4.88751647677201575e+01
139 139 1.33902333859762450e+02
140 139 1.06971141303718355e+02
141 139 -4.35751341507067888e-02
139 140 1.06971141303718355e+02
140 140 1.28477586633658660e+02
141 140 -4.24871152914604033e-02
139 141 -4.35751341507067888e-02
140 141 -4.24871152914604033e-02
141 141 4.83690742382306382e+01
142 142 1.33782134882111336e+02
143 142 1.06888326983065824e+02
144 142 -3.87759208906668595e-01
142 143 1.06888326983065824e+02
143 143 1.28511493395681612e+02
144 143 -3.78345373380362393e-01
142 144 -3.87759208906668595e-01
143 144 -3.78345373380362393e-01
144 144 4.84535773962958345e+01
145 145 1.36677343876752161e+02
146 145 1.05951475604865095e+02
147 145 -2.41025968431511750e-01
145 146 1.05951475604865095e+02
146 146 1.24937017827629575e+02
147 146 -2.28135831953413026e-01
145 147 -2.41025968431511750e-01
146 147 -2.28135831953413026e-01
147 147 4.93893622481826569e+01
148 148 1.36554017402629711e+02
149 148 1.06126663541409229e+02
150 148 -3.92455165787345406e-01
148 149 1.06126663541409229e+02
149 149 1.25213897400433922e+02
150 149 -3.72178725793491427e-01
148 150 -3.92455165787345406e-01
149 150 -3.72178725793491427e-01
150 150 4.92152394065986556e+01
151 151 1.35758379072456790e+02
152 151 1.05912221204914033e+02
153 151 -1.46226379007873541e+00
151 152 1.05912221204914033e+02
152 152 1.25734061533046528e+02
153 152 -1.39520584137048220e+00
151 153 -1.46226379007873541e+00
152 153 -1.39520584137048220e+00
153 153 4.94518666630095680e+01
154 154 1.33272283853027602e+02
155 154 1.05686523790146836e+02
156 154 -9.69284082230221111e-01
154 155 1.05686523790146836e+02
155 155 1.27826120374955678e+02
156 155 -9.44843663337138540e-01
154 156 -9.69284082230221111e-01
155 156 -9.44843663337138540e-01
156 156 4.96644075697088994e+01
157 157 1.33272736939331082e+02
158 157 1.05819276823549828e+02
159 157 -2.36066069025655789e+00
157 158 1.05819276823549828e+02
158 158 1.27965465134536004e+02
159 158 -2.30267420429137548e+00
157 159 -2.36066069025655789e+00
158 159 -2.30267420429137548e+00
159 159 4.95846057972124541e+01
160 160 1.32430923916688243e+02
161 160 1.07041727877996905e+02
162 160 2.44784834390846223e-01
160 161 1.07041727877996905e+02
161 161 1.29965300720547845e+02
162 161 2.41988368519976488e-01
160 162 2.44784834390846223e-01
161 162 2.41988368519976488e-01
162 162 4.82991561993808105e+01
163 163 1.35440418709144978e+02
164 163 1.05884560087744688e+02
165 163 6.36115538351932353e-01
163 164 1.05884560087744688e+02
164 164 1.25994182612329794e+02
165 164 6.08584152160486780e-01
163 165 6.36115538351932353e-01
164 165 6.08584152160486780e-01
165 165 4.94601685288654735e+01
166 166 1.35758252883055263e+02
167 166 1.05912293870423866e+02
168 166 1.46207070756853952e+00
166 167 1.05912293870423866e+02
167 167 1.25734244548434589e+02
168 167 1.39502365383711524e+00
166 168 1.46207070756853952e+00
167 168 1.39502365383711524e+00
168 168 4.94517877147923599e+01
169 169 1.36553886202503605e+02
170 169 1.06126116681738978e+02
171 169 3.92657736241163791e-01
169 170 1.06126116681738978e+02
170 170 1.25213497123155278e+02
171 170 3.72370311569971524e-01
169 171 3.92657736241163791e-01
170 171 3.72370311569971524e-01
171 171 4.92157880329403099e+01
172 172 1.35873348410739794e+02
173 172 1.06438124523318947e+02
174 172 -2.87621894921561594e-01
172 173 1.06438124523318947e+02
173 173 1.26127001195881718e+02
174 173 -2.74819597968454510e-01
172 174 -2.87621894921561594e-01
173 174 -2.74819597968454510e-01
174 174 4.89029929347197054e+01
175 175 1.36084389445582900e+02
176 175 1.06227222025911487e+02
177 175 -1.12446305168226979e+00
175 176 1.06227222025911487e+02
176 176 1.25736163481560482e+02
177 176 -1.07134731831774155e+00
175 177 -1.12446305168226979e+00
176 177 -1.07134731831774155e+00
177 177 4.91270603541970630e+01
178 178 1.36674340206575295e+02
179 178 1.06244728505032171e+02
180 178 -2.39395715479142651e-01
178 179 1.06244728505032171e+02
179 179 1.25217474926830576e+02
180 179 -2.26910050929891194e-01
178 180 -2.39395715479142651e-01
179 180 -2.26910050929891194e-01
180 180 4.90961006841299366e+01
181 181 1.35570596504317166e+02
182 181 1.06526538799922449e+02
183 181 1.91299898703652005e+00
181 182 1.06526538799922449e+02
182 182 1.26496551754317196e+02
183 182 1.83363108900286131e+00
181 183 1.91299898703652005e+00
182 183 1.83363108900286131e+00
183 183 4.88546184518191282e+01
184 184 1.33369234882212140e+02
185 184 1.05871774576370640e+02
186 184 3.03632555708035445e+00
184 185 1.05871774576370640e+02
185 185 1.27933007139631798e+02
186 185 2.95997488573952250e+00
184 186 3.03632555708035445e+00
185 186 2.95997488573952250e+00
186 186 4.95736903569136587e+01
187 187 1.30562440691647140e+02
188 187 1.05179776689368481e+02
189 187 1.17809768542985793e+00
187 188 1.05179776689368481e+02
188 188 1.29961631410311014e+02
189 188 1.17477504655343856e+00
187 189 1.17809768542985793e+00
188 189 1.17477504655343856e+00
189 189 5.01766823095242174e+01
190 190 1.29671602176184194e+02
191 190 1.04408795125369494e+02
192 190 1.55677479175949451e+00
190 191 1.04408795125369494e+02
191 191 1.30083515340469546e+02
192 191 1.55980312725112147e+00
190 192 1.55677479175949451e+00
191 192 1.55980312725112147e+00
192 192 5.09600397174700106e+01
193 193 1.31441702586206958e+02
194 193 1.07543211206896601e+02
195 193 -0.00000000000000000e+00
193 194 1.07543211206896601e+02
194 194 1.31441702586206958e+02
195 194 -0.00000000000000000e+00
193 195 -0.00000000000000000e+00
194 195 -0.00000000000000000e+00
195 195 4.77969827586207003e+01
196 196 1.38034245849447643e+02
197 196 1.07868037684256890e+02
198 196 3.54541660188832597e-01
196 197 1.07868037684256890e+02
197 197 1.25536503460862633e+02
198 197 3.34568075427237710e-01
196 198 3.54541660188832597e-01
197 198 3.34568075427237710e-01
198 198 4.74735329290667210e+01
199 199 1.36170125400727272e+02
200 199 1.04756369861457799e+02
201 199 1.95640424424031245e+00
199 200 1.04756369861457799e+02
200 200 1.24268302956294434e+02
201 200 1.84980150730701731e+00
199 201 1.95640424424031245e+00
200 201 1.84980150730701731e+00
201 201 5.06264385809957531e+01
202 202 1.34888376418282320e+02
203 202 1.06746648264522406e+02
204 202 -9.05702580807941221e-02
202 203 1.06746648264522406e+02
203 203 1.27331682104208284e+02
204 203 -8.74326950742462250e-02
202 204 -9.05702580807941221e-02
203 204 -8.74326950742462250e-02
204 204 4.85936380852203271e+01
205 205 1.34041700500342472e+02
206 205 1.06940202093476643e+02
207 205 -1.99848280142881744e-02
205 206 1.06940202093476643e+02
206 206 1.28315130718599534e+02
207 206 -1.94583677879412373e-02
205 207 -1.99848280142881744e-02
206 207 -1.94583677879412373e-02
207 207 4.83999964047003814e+01
208 208 1.34995636764151442e+02
209 208 1.06762804008498065e+02
210 208 3.80465800275878105e-02
208 209 1.06762804008498065e+02
209 209 1.27247387956628799e+02
210 209 3.66958622292857389e-02
208 210 3.80465800275878105e-02
209 210 3.66958622292857389e-02
210 210 4.85774062439167054e+01
211 211 1.36989994795601319e+02
212 211 1.06003074630260400e+02
213 211 1.99309708955938192e-01
211 212 1.06003074630260400e+02
212 212 1.24706360057058532e+02
213 212 1.88174461809326510e-01
211 213 1.99309708955938192e-01
212 213 1.88174461809326510e-01
213 213 4.93375584084728729e+01
214 214 1.36661007675397428e+02
215 214 1.05961941005890921e+02
216 214 1.62281355748731648e-01
214 215 1.05961941005890921e+02
215 215 1.24961496290791530e+02
216 215 1.53632236019348722e-01
214 216 1.62281355748731648e-01
215 216 1.53632236019348722e-01
216 216 4.93785448921684278e+01
217 217 1.36351002041117482e+02
218 217 1.05911974742639856e+02
219 217 2.02926282324836865e-01
217 218 1.05911974742639856e+02
218 218 1.25192707095959165e+02
219 218 1.92595459408638592e-01
217 219 2.02926282324836865e-01
218 219 1.92595459408638592e-01
219 219 4.94286769613909698e+01
220 220 1.31441702586206958e+02
221 220 1.07543211206896601e+02
222 220 -0.00000000000000000e+00
220 221 1.07543211206896601e+02
221 221 1.31441702586206958e+02
222 221 -0.00000000000000000e+00
220 222 -0.00000000000000000e+00
221 222 -0.00000000000000000e+00
222 222 4.77969827586207003e+01
223 223 1.31392460431066041e+02
224 223 1.06046369072183012e+02
225 223 -7.46629666648244594e-01
223 224 1.06046369072183012e+02
224 224 1.29999938367181073e+02
225 224 -7.41777824941192598e-01
223 225 -7.46629666648244594e-01
224 225 -7.41777824941192598e-01
225 225 4.93003073018828459e+01
226 226 1.31896259573999572e+02
227 226 1.05155461738379515e+02
228 226 -3.09860884438568018e-01
226 227 1.05155461738379515e+02
227 227 1.28624775952685155e+02
228 227 -3.05131619332141946e-01
226 228 -3.09860884438568018e-01
227 228 -3.05131619332141946e-01
228 228 5.01858435205620523e+01
229 229 1.34598405950509857e+02
230 229 1.05747260683728825e+02
231 229 -5.32657103432252588e-01
229 230 1.05747260683728825e+02
230 230 1.26638179362392165e+02
231 230 -5.13148662700979918e-01
229 231 -5.32657103432252588e-01
230 231 -5.13148662700979918e-01
231 231 4.95961370285002090e+01
232 232 1.35505478669487871e+02
233 232 1.05876345221030917e+02
234 232 -4.34309330499419000e-01
232 233 1.05876345221030917e+02
233 233 1.25926349401256630e+02
234 233 -4.15253069823225462e-01
232 234 -4.34309330499419000e-01
233 234 -4.15253069823225462e-01
234 234 4.94659613428901466e+01
235 235 1.36349281723573512e+02
236 235 1.06004367761352015e+02
237 235 -5.37898101390921757e-01
235 236 1.06004367761352015e+02
236 236 1.25282490263453028e+02
237 236 -5.10744223909537554e-01
235 237 -5.37898101390921757e-01
236 237 -5.10744223909537554e-01
237 237 4.93390424373126280e+01
238 238 1.35750235799310985e+02
239 238 1.06252873215346654e+02
240 238 -1.29803691491347717e+00
238 239 1.06252873215346654e+02
239 239 1.26065820651416743e+02
240 239 -1.24057116672170520e+00
238 240 -1.29803691491347717e+00
239 240 -1.24057116672170520e+00
240 240 4.91061503607549028e+01
241 241 1.36100610435319084e+02
242 241 1.06240494492867128e+02
243 241 -1.28936802234586234e+00
241 242 1.06240494492867128e+02
242 242 1.25734929518860426e+02
243 242 -1.22836650593356311e+00
241 243 -1.28936802234586234e+00
242 243 -1.22836650593356311e+00
243 243 4.91182204006753480e+01
244 244 1.36089695102210754e+02
245 244 1.06303184964942801e+02
246 244 -1.31928258648318475e+00
244 245 1.06303184964942801e+02
245 245 1.25804742567431163e+02
246 245 -1.25735768066241849e+00
244 246 -1.31928258648318475e+00
245 246 -1.25735768066241849e+00
246 246 4.90564011909294777e+01
247 247 1.31441702586206958e+02
248 247 1.07543211206896601e+02
249 247 -0.00000000000000000e+00
247 248 1.07543211206896601e+02
248 248 1.31441702586206958e+02
249 248 -0.00000000000000000e+00
247 249 -0.00000000000000000e+00
248 249 -0.00000000000000000e+00
249 249 4.77969827586207003e+01
250 250 1.30463537153387932e+02
251 250 1.05081213731136060e+02
252 250 -1.22691489194958470e+00
250 251 1.05081213731136060e+02
251 251 1.29961993517759112e+02
252 251 -1.22402427668823588e+00
250 252 -1.22691489194958470e+00
251 252 -1.22402427668823588e+00
252 252 5.02766375269431833e+01
253 253 1.32328966558174699e+02
254 253 1.05580135621711378e+02
255 253 -1.50642046733147583e+00
253 254 1.05580135621711378e+02
254 254 1.28628713918253908e+02
255 254 -1.48049362060318268e+00
253 255 -1.50642046733147583e+00
254 255 -1.48049362060318268e+00
255 255 4.97862191466227983e+01
256 256 1.34597187869229799e+02
257 256 1.05893658477920440e+02
258 256 8.32694047862181819e-01
256 257 1.05893658477920440e+02
257 257 1.26781287735932608e+02
258 257 8.02759745801896352e-01
256 258 8.32694047862181819e-01
257 258 8.02759745801896352e-01
258 258 4.94543650668887906e+01
259 259 1.33216063955266463e+02
260 259 1.05704162664872285e+02
261 259 6.92679309101687846e-01
259 260 1.05704162664872285e+02
260 260 1.27895747661535211e+02
261 260 6.75613262252540037e-01
259 261 6.92679309101687846e-01
260 261 6.75613262252540037e-01
261 261 4.96415176626949446e+01
262 262 1.31895437960905070e+02
263 262 1.05470540263689287e+02
264 262 8.29171776063950094e-01
262 263 1.05470540263689287e+02
263 263 1.28937424872740081e+02
264 263 8.17737518900587990e-01
262 264 8.29171776063950094e-01
263 264 8.17737518900587990e-01
264 264 4.98776114017443319e+01
265 265 1.35727140051400283e+02
266 265 1.05981821231057296e+02
267 265 3.48607288160235118e+00
265 266 1.05981821231057296e+02
266 266 1.25850323293324578e+02
267 266 3.32856805510262266e+00
265 267 3.48607288160235118e+00
266 267 3.32856805510262266e+00
267 267 4.94942134188480125e+01
268 268 1.33358526440291996e+02
269 268 1.05877544577005196e+02
270 268 3.31419861355104972e+00
268 269 1.05877544577005196e+02
269 269 1.27952741859360003e+02
270 269 3.23132508792918083e+00
268 270 3.31419861355104972e+00
269 270 3.23132508792918083e+00
270 270 4.95880822970154824e+01
271 271 1.32306052074056453e+02
272 271 1.05459079554596229e+02
273 271 3.52538275858383088e+00
271 272 1.05459079554596229e+02
272 272 1.28554905941060582e+02
273 272 3.46385270527008160e+00
271 273 3.52538275858383088e+00
272 273 3.46385270527008160e+00
273 273 5.00244199552354090e+01
274 274 1.36316976303570129e+02
275 274 1.06382737568509086e+02
276 274 3.33280452515218206e-01
274 275 1.06382737568509086e+02
275 275 1.25670938490336539e+02
276 275 3.17107188313661359e-01
274 276 3.33280452515218206e-01
275 276 3.17107188313661359e-01
276 276 4.89586914681366849e+01
277 277 1.36694346188156004e+02
278 277 1.06259343914693417e+02
279 277 2.93545973765823642e-01
277 278 1.06259343914693417e+02
278 278 1.25213416294239508e+02
279 278 2.78205858743698242e-01
277 279 2.93545973765823642e-01
278 279 2.78205858743698242e-01
279 279 4.90818049755289820e+01
280 280 1.36093290080515885e+02
281 280 1.06349410486055064e+02
282 280 2.79005257132959816e-01
280 281 1.06349410486055064e+02
281 281 1.25842004685436592e+02
282 281 2.65953569151881952e-01
280 282 2.79005257132959816e-01
281 282 2.65953569151881952e-01
282 282 4.89916507649158319e+01
283 283 1.34749670366825853e+02
284 283 1.06445833166467892e+02
285 283 -1.83454450449386641e+00
283 284 1.06445833166467892e+02
284 284 1.27177861182282840e+02
285 284 -1.77078112122013431e+00
283 285 -1.83454450449386641e+00
284 285 -1.77078112122013431e+00
285 285 4.89323120591274332e+01
286 286 1.35347054561575703e+02
287 286 1.06579606324356803e+02
288 286 -1.75148699367025418e+00
286 287 1.06579606324356803e+02
287 287 1.26752056002678941e+02
288 287 -1.68259406850515214e+00
286 288 -1.75148699367025418e+00
287 288 -1.68259406850515214e+00
288 288 4.87949948443738037e+01
289 289 1.36171961639003740e+02
290 289 1.06654359999816919e+02
291 289 -1.82991901426027503e+00
289 290 1.06654359999816919e+02
290 290 1.26068206376913366e+02
291 290 -1.74563880487283440e+00
289 291 -1.82991901426027503e+00
290 291 -1.74563880487283440e+00
291 291 4.87231157428536008e+01
292 292 1.34778105275036751e+02
293 292 1.06011615163504473e+02
294 292 -1.94837706415144862e+00
292 293 1.06011615163504473e+02
293 293 1.26733715239380331e+02
294 293 -1.87636837653144783e+00
292 294 -1.94837706415144862e+00
293 294 -1.87636837653144783e+00
294 294 4.93713749149628640e+01
295 295 1.33291425613918960e+02
296 295 1.05818517798802816e+02
297 295 -2.07504675154937246e+00
295 296 1.05818517798802816e+02
296 296 1.27944120305955579e+02
297 296 -2.02369551915116563e+00
295 297 -2.07504675154937246e+00
296 297 -2.02369551915116563e+00
297 297 4.95708774594127206e+01
298 298 1.31913392872175450e+02
299 298 1.05563839687385880e+02
300 298 -1.90891880230723410e+00
298 299 1.05563839687385880e+02
299 299 1.29018732324186743e+02
300 299 -1.88316681526229956e+00
298 300 -1.90891880230723410e+00
299 300 -1.88316681526229956e+00
300 300 4.98185240498879054e+01
301 301 1.36836621480554982e+02
302 301 1.06119826264448378e+02
303 301 -3.18123891663752600e-01
301 302 1.06119826264448378e+02
302 302 1.24953797659259820e+02
303 302 -3.00923116892034825e-01
301 303 -3.18123891663752600e-01
302 303 -3.00923116892034825e-01
303 303 4.92214878144703718e+01
304 304 1.36549353046335568e+02
305 304 1.06125934144419830e+02
306 304 -3.29665582742360852e-01
304 305 1.06125934144419830e+02
305 305 1.25217305252046643e+02
306 305 -3.12644935798828016e-01
304 306 -3.29665582742360852e-01
305 306 -3.12644935798828016e-01
306 306 4.92154657528013502e+01
307 307 1.36506337503196221e+02
308 307 1.06073294261445554e+02
309 307 -3.01060089396239239e-01
307 308 1.06073294261445554e+02
308 308 1.25206035543405207e+02
309 308 -2.85554990290323774e-01
307 309 -3.01060089396239239e-01
308 309 -2.85554990290323774e-01
309 309 4.92679058193264439e+01
310 310 1.34757434169675349e+02
311 310 1.06647792905114869e+02
312 310 2.27938494560775529e-01
310 311 1.06647792905114869e+02
311 311 1.27358427221916585e+02
312 311 2.20200556237054590e-01
310 312 2.27938494560775529e-01
311 312 2.20200556237054590e-01
312 312 4.86929868944812441e+01
313 313 1.33875614417121199e+02
314 313 1.06870605823437330e+02
315 313 3.10976793557758424e-01
313 314 1.06870605823437330e+02
314 314 1.28405178620946174e+02
315 314 3.03143907732180251e-01
313 315 3.10976793557758424e-01
314 315 3.03143907732180251e-01
315 315 4.84706873089278147e+01
316 316 1.34995387385866110e+02
317 316 1.06683530551631648e+02
318 316 3.71086472799259381e-01
316 317 1.06683530551631648e+02
317 317 1.27171470422382782e+02
318 317 3.57781197436217335e-01
316 318 3.71086472799259381e-01
317 318 3.57781197436217335e-01
318 318 4.86582127952730303e+01
319 319 1.34783672682573240e+02
320 319 1.05806849760773275e+02
321 319 1.17435155818111991e+00
319 320 1.05806849760773275e+02
320 320 1.26526215680816748e+02
321 320 1.12977958372342235e+00
319 321 1.17435155818111991e+00
320 321 1.12977958372342235e+00
321 321 4.95488907093128930e+01
322 322 1.35758665154942634e+02
323 322 1.05915057078301587e+02
324 322 1.27438187892779986e+00
322 323 1.05915057078301587e+02
323 323 1.25735410472892084e+02
324 323 1.21594650435888130e+00
322 324 1.27438187892779986e+00
323 324 1.21594650435888130e+00
324 324 4.94432850931245298e+01
325 325 1.36503766727934305e+02
326 325 1.06057968491761358e+02
327 325 1.17321807941334577e+00
325 326 1.06057968491761358e+02
326 326 1.25196519653976665e+02
327 326 1.11275582011885366e+00
325 327 1.17321807941334577e+00
326 327 1.11275582011885366e+00
327 327 4.92975049606361182e+01
328 328 1.31441702586206958e+02
329 328 1.07543211206896601e+02
330 328 -0.00000000000000000e+00
328 329 1.07543211206896601e+02
329 329 1.31441702586206958e+02
330 329 -0.00000000000000000e+00
328 330 -0.00000000000000000e+00
329 330 -0.00000000000000000e+00
330 330 4.77969827586207003e+01
331 331 1.32331184675531091e+02
332 331 1.06942124113958812e+02
333 331 -2.95134077163797581e-01
331 332 1.06942124113958812e+02
332 332 1.29964392302380645e+02
333 332 -2.91895317044991276e-01
331 333 -2.95134077163797581e-01
332 333 -2.91895317044991276e-01
333 333 4.83990739781836865e+01
334 334 1.31920795577282064e+02
335 334 1.05140343863629994e+02
336 334 6.04836423299272785e-01
334 335 1.05140343863629994e+02
335 335 1.28586720050816638e+02
336 335 5.95429220759362443e-01
334 336 6.04836423299272785e-01
335 336 5.95429220759362443e-01
336 336 5.02040833375795401e+01
337 337 1.31913587319983151e+02
338 337 1.05563605383314609e+02
339 337 1.90895888064066654e+00
337 338 1.05563605383314609e+02
338 338 1.29018312279380865e+02
339 338 1.88320089535229340e+00
337 339 1.90895888064066654e+00
338 339 1.88320089535229340e+00
339 339 4.98187600487954043e+01
340 340 1.33290945176506199e+02
341 340 1.05818036912666514e+02
342 340 2.07505414372251540e+00
340 341 1.05818036912666514e+02
341 341 1.27944108384166498e+02
342 341 2.02370705636404624e+00
340 342 2.07505414372251540e+00
341 342 2.02370705636404624e+00
342 342 4.95713589121874847e+01
343 343 1.34777967161086423e+02
344 343 1.06012143072866152e+02
345 343 1.94842991283396771e+00
343 344 1.06012143072866152e+02
344 344 1.26734352190669753e+02
345 344 1.87642625184452894e+00
343 345 1.94842991283396771e+00
344 345 1.87642625184452894e+00
345 345 4.93708493805865629e+01
346 346 1.31897358201565083e+02
347 346 1.05469449743491538e+02
348 346 5.42402137186109412e-01
346 347 1.05469449743491538e+02
347 347 1.28933583864497876e+02
348 347 5.34907889946750426e-01
346 348 5.42402137186109412e-01
347 348 5.34907889946750426e-01
348 348 4.98741493512539833e+01
349 349 1.33283031111583625e+02
350 349 1.05690153855121991e+02
351 349 6.83229142446328153e-01
349 350 1.05690153855121991e+02
350 350 1.27818394224446962e+02
351 350 6.65944101581748105e-01
349 351 6.83229142446328153e-01
350 351 6.65944101581748105e-01
351 351 4.96553745258235608e+01
352 352 1.34599187652159856e+02
353 352 1.05892360788801540e+02
354 352 5.47396553155290011e-01
352 353 1.05892360788801540e+02
353 353 1.26777320938366472e+02
354 353 5.27703396573058758e-01
352 354 5.47396553155290011e-01
353 354 5.27703396573058758e-01
354 354 4.94512166579911181e+01
355 355 1.31441702586206958e+02
356 355 1.07543211206896601e+02
357 355 -0.00000000000000000e+00
355 356 1.07543211206896601e+02
356 356 1.31441702586206958e+02
357 356 -0.00000000000000000e+00
355 357 -0.00000000000000000e+00
356 357 -0.00000000000000000e+00
357 357 4.77969827586207003e+01
358 358 1.31848966028135152e+02
359 358 1.06552667377341265e+02
360 358 -4.92575793330348399e-01
358 359 1.06552667377341265e+02
359 359 1.30051998296598526e+02
360 359 -4.88458825055760049e-01
358 360 -4.92575793330348399e-01
359 360 -4.88458825055760049e-01
360 360 4.87903361046807618e+01
361 361 1.31897478397308049e+02
362 361 1.05153848641735635e+02
363 361 2.02457762467650265e-01
361 362 1.05153848641735635e+02
362 362 1.28621880181711134e+02
363 362 1.99363860806677673e-01
361 363 2.02457762467650265e-01
362 363 1.99363860806677673e-01
363 363 5.01868197396386577e+01
364 364 1.36506755925975170e+02
365 364 1.06074106331819806e+02
366 364 3.00841496278568932e-01
364 365 1.06074106331819806e+02
365 365 1.25206429079365051e+02
366 365 2.85347679170000867e-01
364 366 3.00841496278568932e-01
365 366 2.85347679170000867e-01
366 366 4.92670922847132005e+01
367 367 1.36549829819334889e+02
368 367 1.06126284107343096e+02
369 367 3.29514317670513091e-01
367 368 1.06126284107343096e+02
368 368 1.25217208123930405e+02
369 368 3.12500669461907188e-01
367 369 3.29514317670513091e-01
368 369 3.12500669461907188e-01
369 369 4.92151146783638183e+01
370 370 1.36836486755902115e+02
371 370 1.06120568622617341e+02
372 370 3.18476692593521959e-01
370 371 1.06120568622617341e+02
371 371 1.24954620900840496e+02
372 371 3.01258248849967547e-01
370 372 3.18476692593521959e-01
371 372 3.01258248849967547e-01
372 372 4.92207479434404931e+01
373 373 1.36348037372811547e+02
374 373 1.05910981577975477e+02
375 373 1.36006127058139636e-01
373 374 1.05910981577975477e+02
374 374 1.25194387176911675e+02
375 374 1.29084930497789324e-01
373 375 1.36006127058139636e-01
374 375 1.29084930497789324e-01
375 375 4.94294180093879731e+01
376 376 1.36675017737254251e+02
377 376 1.05956191402780362e+02
378 376 1.76413733031692110e-01
376 377 1.05956191402780362e+02
377 377 1.24943509002620345e+02
378 377 1.66986162819235173e-01
376 378 1.76413733031692110e-01
377 378 1.66986162819235173e-01
378 378 4.93843475126813800e+01
379 379 1.36982568027938271e+02
380 379 1.06001023449394168e+02
381 379 1.38445326222601001e-01
379 380 1.06001023449394168e+02
380 380 1.24711000982012180e+02
381 380 1.30717816214881571e-01
379 381 1.38445326222601001e-01
380 381 1.30717816214881571e-01
381 381 4.93393823840195793e+01
382 382 1.34599829011254542e+02
383 382 1.05745838245151148e+02
384 382 3.46623218640633168e-01
382 383 1.05745838245151148e+02
383 383 1.26635132448977387e+02
384 383 3.33921127122930650e-01
382 384 3.46623218640633168e-01
383 384 3.33921127122930650e-01
384 384 4.95957123848188104e+01
385 385 1.35446881412021440e+02
386 385 1.05886870026188362e+02
387 385 4.52330085594692677e-01
385 386 1.05886870026188362e+02
386 386 1.25990048458643329e+02
387 386 4.32731724324974754e-01
385 387 4.52330085594692677e-01
386 387 4.32731724324974754e-01
387 387 4.94556166943641458e+01
388 388 1.36347790123868918e+02
389 388 1.06002189424601980e+02
390 388 3.56226369764108097e-01
388 389 1.06002189424601980e+02
389 389 1.25281423801621088e+02
390 389 3.38244009500305087e-01
388 390 3.56226369764108097e-01
389 390 3.38244009500305087e-01
390 390 4.93394151458271679e+01
391 391 1.34995623698875363e+02
392 391 1.06762505226926521e+02
393 391 -3.77995340872892827e-02
391 392 1.06762505226926521e+02
392 392 1.27247111895872848e+02
393 392 -3.64575402885907868e-02
391 393 -3.77995340872892827e-02
392 393 -3.64575402885907868e-02
393 393 4.85777048146670580e+01
394 394 1.34042022555050409e+02
395 394 1.06940042239544965e+02
396 394 2.06025235597246739e-02
394 395 1.06940042239544965e+02
395 395 1.28314669822079907e+02
396 395 2.00597177835858780e-02
394 396 2.06025235597246739e-02
395 396 2.00597177835858780e-02
396 396 4.84001565431410370e+01
397 397 1.34888274099296495e+02
398 397 1.06746287924492961e+02
399 397 9.10258669419140437e-02
397 398 1.06746287924492961e+02
398 398 1.27331429779817000e+02
399 398 8.78724539133046989e-02
397 399 9.10258669419140437e-02
398 399 8.78724539133046989e-02
399 399 4.85939993571414561e+01
400 400 1.36095621424049028e+02
401 400 1.06336914963294220e+02
402 400 2.23121756675953214e-01
400 401 1.06336914963294220e+02
401 401 1.25827916407913960e+02
402 401 2.12667357002096102e-01
400 402 2.23121756675953214e-01
401 402 2.12667357002096102e-01
402 402 4.90038336433966322e+01
403 403 1.35740421020415482e+02
404 403 1.06455724294280628e+02
405 403 2.64756430348403293e-01
403 404 1.06455724294280628e+02
404 404 1.26265313025747716e+02
405 404 2.53293357540034902e-01
403 405 2.64756430348403293e-01
404 405 2.53293357540034902e-01
405 405 4.88852530979849718e+01
406 406 1.36321456748428602e+02
407 406 1.06369767492457385e+02
408 406 2.81622268872142090e-01
406 407 1.06369767492457385e+02
407 407 1.25654475489152503e+02
408 407 2.67928834085529699e-01
406 408 2.81622268872142090e-01
407 408 2.67928834085529699e-01
408 408 4.89713083113709686e+01
409 409 1.35737228709003148e+02
410 409 1.06242633406128803e+02
411 409 1.13161255400209715e+00
409 410 1.06242633406128803e+02
410 410 1.26067052054406375e+02
411 410 1.08158403176162810e+00
409 411 1.13161255400209715e+00
410 411 1.08158403176162810e+00
411 411 4.91118729859563103e+01
412 412 1.35743727014685447e+02
413 412 1.06308677841433479e+02
414 412 1.16464014347704659e+00
412 413 1.06308677841433479e+02
413 413 1.26124408575531703e+02
414 413 1.11343153925936811e+00
412 414 1.16464014347704659e+00
413 414 1.11343153925936811e+00
414 414 4.90466753154442401e+01
415 415 1.36093137313564455e+02
416 415 1.06295166079702497e+02
417 415 1.15761383011333940e+00
415 416 1.06295166079702497e+02
416 416 1.25793123444018505e+02
417 416 1.10319756158233484e+00
415 417 1.15761383011333940e+00
416 417 1.10319756158233484e+00
417 417 4.90599580744226458e+01
418 418 1.36503257898738639e+02
419 418 1.06057723135499259e+02
420 418 -1.17311568894586560e+00
418 419 1.06057723135499259e+02
419 419 1.25196744185770285e+02
420 419 -1.11266245340942360e+00
418 420 -1.17311568894586560e+00
419 420 -1.11266245340942360e+00
420 420 4.92977477190675515e+01
