%%MatrixMarket matrix coordinate  real general
768 768 2304
1 1 1.68174619031790940e+02
2 1 9.79829203987378179e+01
3 1 -1.33243586830341321e+00
1 2 9.79829203987378179e+01
2 2 9.70953812897091950e+01
3 2 -9.49063761076712198e-01
1 3 -1.33243586830341321e+00
2 3 -9.49063761076712198e-01
3 3 5.73726554023959139e+01
4 4 1.77573069291609073e+02
5 4 9.08934187598844829e+01
6 4 3.45556773954408314e+00
4 5 9.08934187598844829e+01
5 5 8.79702568073811051e+01
6 5 2.23126802433722338e+00
4 6 3.45556773954408314e+00
5 6 2.23126802433722338e+00
6 6 6.45439037333697740e+01
7 7 1.36211774776620217e+02
8 7 9.92875877813539489e+01
9 7 3.88033268098921580e+00
7 8 9.92875877813539489e+01
8 8 1.19151793904088308e+02
9 8 3.57349699024721668e+00
7 9 3.88033268098921580e+00
8 9 3.57349699024721668e+00
9 9 5.62201841106082725e+01
10 10 1.65477578462859952e+02
11 10 9.12510998720539277e+01
12 10 -7.98688705221107487e+00
10 11 9.12510998720539277e+01
11 11 9.37604610169945119e+01
12 11 -5.61045911448341794e+00
10 12 -7.98688705221107487e+00
11 12 -5.61045911448341794e+00
12 12 6.46522984312192364e+01
13 13 1.67567855611860040e+02
14 13 9.63512829720066009e+01
15 13 -1.59300564453003304e+01
13 14 9.63512829720066009e+01
14 14 9.65535627644067205e+01
15 14 -1.13283901207719371e+01
13 15 -1.59300564453003304e+01
14 15 -1.13283901207719371e+01
15 15 6.11968164480418295e+01
16 16 1.49019627059939182e+02
17 16 1.12870333412261985e+02
18 16 -3.82152395686204738e+00
16 17 1.12870333412261985e+02
17 17 1.20994386670533416e+02
18 17 -3.36644623608445981e+00
16 18 -3.82152395686204738e+00
17 18 -3.36644623608445981e+00
18 18 4.26157596181238105e+01
19 19 1.46531942528952442e+02
20 19 9.04720770278951960e+01
21 19 9.99481457626035485e+00
19 20 9.04720770278951960e+01
20 20 1.03996430372696452e+02
21 20 8.07757384479940121e+00
19 21 9.99481457626035485e+00
20 21 8.07757384479940121e+00
21 21 6.58863578567732020e+01
22 22 1.56772934668960232e+02
23 22 9.12601826411606964e+01
24 22 3.82205945429094669e+01
22 23 9.12601826411606964e+01
23 23 1.00329968730539406e+02
24 23 2.89876384945404304e+01
22 24 3.82205945429094669e+01
23 24 2.89876384945404304e+01
24 24 7.78224381132038729e+01
25 25 1.67256289026181975e+02
26 25 9.77139994316309952e+01
27 25 4.48289787034093479e+00
25 26 9.77139994316309952e+01
26 26 9.73945119283290239e+01
27 26 3.20981570042432063e+00
25 27 4.48289787034093479e+00
26 27 3.20981570042432063e+00
27 27 5.78014236951682179e+01
28 28 1.63508146711099670e+02
29 28 9.95417737875310422e+01
30 28 -2.40103911167205126e+01
28 29 9.95417737875310422e+01
29 29 1.01459067552710735e+02
30 29 -1.78962492768852357e+01
28 30 -2.40103911167205126e+01
29 30 -1.78962492768852357e+01
30 30 6.09601233586134512e+01
31 31 1.48804986800628740e+02
32 31 9.13162896356006684e+01
33 31 -1.55578307716308810e+01
31 32 9.13162896356006684e+01
32 32 1.03434011994159874e+02
33 32 -1.24147247645105097e+01
31 33 -1.55578307716308810e+01
32 33 -1.24147247645105097e+01
33 33 6.64461772619833937e+01
34 34 1.79583535381902522e+02
35 34 9.21907525468712095e+01
36 34 -3.56871573615167836e+00
34 35 9.21907525468712095e+01
35 35 8.79730890965668664e+01
36 35 -2.28945152786190098e+00
34 36 -3.56871573615167836e+00
35 36 -2.28945152786190098e+00
36 36 6.32516970020825724e+01
37 37 1.67921319608600641e+02
38 37 9.70755032618307325e+01
39 37 5.77269061426069197e+00
37 38 9.70755032618307325e+01
38 38 9.66169876048481768e+01
39 38 4.10189991364300433e+00
37 39 5.77269061426069197e+00
38 39 4.10189991364300433e+00
39 39 5.85539153125357146e+01
40 40 1.67045315568936786e+02
41 40 9.19392042099497075e+01
42 40 1.07086219468286181e+01
40 41 9.19392042099497075e+01
41 41 9.35353429875931823e+01
42 41 7.46899711818617984e+00
40 42 1.07086219468286181e+01
41 42 7.46899711818617984e+00
42 42 6.44023618140230241e+01
43 43 1.27903786657936990e+02
44 43 9.12213141061465222e+01
45 43 8.00748911086579263e+00
43 44 9.12213141061465222e+01
44 44 1.19010547757542298e+02
45 44 7.65748962081558116e+00
43 45 8.00748911086579263e+00
44 45 7.65748962081558116e+00
45 45 6.48895122787209004e+01
46 46 1.48804986800562602e+02
47 46 9.13162896356011800e+01
48 46 1.55578307715309716e+01
46 47 9.13162896356011800e+01
47 47 1.03434011994197633e+02
48 47 1.24147247644370200e+01
46 48 1.55578307715309716e+01
47 48 1.24147247644370200e+01
48 48 6.64461772619530393e+01
49 49 1.46683032296579057e+02
50 49 9.02981288522354504e+01
51 49 2.68275887264811841e+00
49 50 9.02981288522354504e+01
50 50 1.03605175417493371e+02
51 50 2.16150958382912695e+00
49 51 2.68275887264811841e+00
50 51 2.16150958382912695e+00
51 51 6.51153356886633645e+01
52 52 1.32050355018106245e+02
53 52 9.47792603205878521e+01
54 52 6.22573441924791915e+00
52 53 9.47792603205878521e+01
53 53 1.18604776555758022e+02
54 53 5.82589948721215389e+00
52 54 6.22573441924791915e+00
53 54 5.82589948721215389e+00
54 54 6.10089121604506559e+01
55 55 1.79583535381680775e+02
56 55 9.21907525466036901e+01
57 55 3.56871573600709091e+00
55 56 9.21907525466036901e+01
56 56 8.79730890964854808e+01
57 56 2.28945152776931993e+00
55 57 3.56871573600709091e+00
56 57 2.28945152776931993e+00
57 57 6.32516970023419702e+01
58 58 1.77053966757817534e+02
59 58 9.10265050986094195e+01
60 58 6.02223431946155574e-01
58 59 9.10265050986094195e+01
59 59 8.82614650889954930e+01
60 59 3.90399664966893767e-01
58 60 6.02223431946155574e-01
59 60 3.90399664966893767e-01
60 60 6.43166488742230769e+01
61 61 1.66633727469185231e+02
62 61 9.08124281885087470e+01
63 61 1.44707744891920931e+00
61 62 9.08124281885087470e+01
62 62 9.28135255789933780e+01
63 62 1.00550252315632060e+00
61 63 1.44707744891920931e+00
62 63 1.00550252315632060e+00
63 63 6.45461042160700629e+01
64 64 1.68174619032025646e+02
65 64 9.79829203988481225e+01
66 64 1.33243586816980586e+00
64 65 9.79829203988481225e+01
65 65 9.70953812896682109e+01
66 65 9.49063760980509263e-01
64 66 1.33243586816980586e+00
65 66 9.49063760980509263e-01
66 66 5.73726554022825042e+01
67 67 1.79024276507542538e+02
68 67 9.41478707005519908e+01
69 67 3.55451988897714699e+00
67 68 9.41478707005519908e+01
68 68 8.94702893269144397e+01
69 68 2.31098697805367648e+00
67 69 3.55451988897714699e+00
68 69 2.31098697805367648e+00
69 69 6.12941326742673382e+01
70 70 1.72846060356485879e+02
71 70 9.46374346537171505e+01
72 70 1.41635788615655613e+01
70 71 9.46374346537171505e+01
71 71 9.27369400929990491e+01
72 71 9.62879261058091984e+00
70 72 1.41635788615655613e+01
71 72 9.62879261058091984e+00
72 72 6.23862960719614321e+01
73 73 1.67045315569267927e+02
74 73 9.19392042097898923e+01
75 73 -1.07086219468412409e+01
73 74 9.19392042097898923e+01
74 74 9.35353429873206323e+01
75 74 -7.46899711817172918e+00
73 75 -1.07086219468412409e+01
74 75 -7.46899711817172918e+00
75 75 6.44023618141828820e+01
76 76 1.66633727469144503e+02
77 76 9.08124281881897844e+01
78 76 -1.44707744915932057e+00
76 77 9.08124281881897844e+01
77 77 9.28135255787922517e+01
78 77 -1.00550252332183820e+00
76 78 -1.44707744915932057e+00
77 78 -1.00550252332183820e+00
78 78 6.45461042163951220e+01
79 79 1.77053966757705808e+02
80 79 9.10265050986405697e+01
81 79 -6.02223432045240203e-01
79 80 9.10265050986405697e+01
80 80 8.82614650890627530e+01
81 80 -3.90399665031473220e-01
79 81 -6.02223432045240203e-01
80 81 -3.90399665031473220e-01
81 81 6.43166488741928788e+01
82 82 1.27903786657840044e+02
83 82 9.12213141060622519e+01
84 82 -8.00748911087212889e+00
82 83 9.12213141060622519e+01
83 83 1.19010547757550711e+02
84 83 -7.65748962082554829e+00
82 84 -8.00748911087212889e+00
83 84 -7.65748962082554829e+00
84 84 6.48895122788071035e+01
85 85 1.32050355018195006e+02
86 85 9.47792603205348598e+01
87 85 -6.22573441924907645e+00
85 86 9.47792603205348598e+01
86 86 1.18604776555630707e+02
87 86 -5.82589948720693052e+00
85 87 -6.22573441924907645e+00
86 87 -5.82589948720693052e+00
87 87 6.10089121605034634e+01
88 88 1.46683032296550493e+02
89 88 9.02981288521219057e+01
90 88 -2.68275887247247180e+00
88 89 9.02981288521219057e+01
89 89 1.03605175417418920e+02
90 89 -2.16150958368685009e+00
88 90 -2.68275887247247180e+00
89 90 -2.16150958368685009e+00
90 90 6.51153356887673453e+01
91 91 1.15862980702084940e+02
92 91 8.05556580036884640e+01
93 91 -1.26585153914958664e+01
91 92 8.05556580036884640e+01
92 92 1.20526128321295900e+02
93 92 -1.29754781788203868e+01
91 93 -1.26585153914958664e+01
92 93 -1.29754781788203868e+01
93 93 7.69625235347595691e+01
94 94 1.23703010700855529e+02
95 94 8.65342600247208935e+01
96 94 -1.02158068831421769e+01
94 95 8.65342600247208935e+01
95 95 1.18502433278942149e+02
96 95 -9.94608547637100138e+00
94 96 -1.02158068831421769e+01
95 96 -9.94608547637100138e+00
96 96 7.01130229256326771e+01
97 97 1.47323382939419361e+02
98 97 9.31997606677420549e+01
99 97 -2.73525833972411974e+01
97 98 9.31997606677420549e+01
98 98 1.06759529164084540e+02
99 98 -2.24115636297863539e+01
97 99 -2.73525833972411974e+01
98 99 -2.24115636297863539e+01
99 99 6.97175497230575729e+01
100 100 1.67567855611805726e+02
101 100 9.63512829718360422e+01
102 100 1.59300564455050040e+01
100 101 9.63512829718360422e+01
101 101 9.65535627643210574e+01
102 101 1.13283901209129478e+01
100 102 1.59300564455050040e+01
101 102 1.13283901209129478e+01
102 102 6.11968164482699848e+01
103 103 1.46515992855904102e+02
104 103 1.02727193870989780e+02
105 103 5.98301547409161216e+00
103 104 1.02727193870989780e+02
104 104 1.14106538366118400e+02
105 104 5.13176233697502404e+00
103 105 5.98301547409161216e+00
104 105 5.13176233697502404e+00
105 105 5.29779202092353287e+01
106 106 1.45711894847397872e+02
107 106 1.03855688277531129e+02
108 106 1.03458921805298476e+00
106 107 1.03855688277531129e+02
107 107 1.15617510422310914e+02
108 107 8.97739036193273110e-01
106 108 1.03458921805298476e+00
107 108 8.97739036193273110e-01
108 108 5.14954894428485019e+01
109 109 1.49019627060055711e+02
110 109 1.12870333412632064e+02
111 109 3.82152395703315939e+00
109 110 1.12870333412632064e+02
110 110 1.20994386670771263e+02
111 110 3.36644623623775141e+00
109 111 3.82152395703315939e+00
110 111 3.36644623623775141e+00
111 111 4.26157596177666562e+01
112 112 1.95719978930200796e+02
113 112 1.05241981159970223e+02
114 112 1.44503354426076278e+01
112 113 1.05241981159970223e+02
113 113 8.99655014554983268e+01
114 113 8.96048501345064530e+00
112 114 1.44503354426076278e+01
113 114 8.96048501345064530e+00
114 114 5.16173199133094016e+01
115 115 1.65024366646023509e+02
116 115 9.89948491793969936e+01
117 115 2.04483182276327895e+01
115 116 9.89948491793969936e+01
116 116 1.00008717115812999e+02
117 116 1.50167439622149228e+01
115 117 2.04483182276327895e+01
116 117 1.50167439622149228e+01
117 117 6.00488977096035939e+01
118 118 1.36211774776730266e+02
119 118 9.92875877814348513e+01
120 118 -3.88033268095468298e+00
118 119 9.92875877814348513e+01
119 119 1.19151793904068924e+02
120 119 -3.57349699021329981e+00
118 120 -3.88033268095468298e+00
119 120 -3.57349699021329981e+00
120 120 5.62201841105242082e+01
121 121 1.40628122002265684e+02
122 121 1.02933729769484302e+02
123 121 -1.81847129925572348e+00
121 122 1.02933729769484302e+02
122 122 1.18783405776962184e+02
123 122 -1.63951154973491620e+00
121 123 -1.81847129925572348e+00
122 123 -1.63951154973491620e+00
123 123 5.24418754905835698e+01
124 124 1.44818652759625763e+02
125 124 9.28601178033635506e+01
126 124 2.27558390325657278e+01
124 125 9.28601178033635506e+01
125 125 1.07821104793597030e+02
126 125 1.89575842104559555e+01
124 126 2.27558390325657278e+01
125 126 1.89575842104559555e+01
126 126 6.78330731744486997e+01
127 127 1.56772934668990843e+02
128 127 9.12601826415981776e+01
129 127 -3.82205945426976470e+01
127 128 9.12601826415981776e+01
128 128 1.00329968730830018e+02
129 128 -2.89876384944315539e+01
127 129 -3.82205945426976470e+01
128 129 -2.89876384944315539e+01
129 129 7.78224381126108966e+01
130 130 1.65024366646403820e+02
131 130 9.89948491775801358e+01
132 130 -2.04483182296469330e+01
130 131 9.89948491775801358e+01
131 131 1.00008717114379337e+02
132 131 -1.50167439635323934e+01
130 132 -2.04483182296469330e+01
131 132 -1.50167439635323934e+01
132 132 6.00488977121400751e+01
133 133 1.95719978930590344e+02
134 133 1.05241981159496689e+02
135 133 -1.44503354426276456e+01
133 134 1.05241981159496689e+02
134 134 8.99655014550550192e+01
135 134 -8.96048501342283643e+00
133 135 -1.44503354426276456e+01
134 135 -8.96048501342283643e+00
135 135 5.16173199137836818e+01
136 136 1.67256289026363731e+02
137 136 9.77139994317859077e+01
138 136 -4.48289787033382670e+00
136 137 9.77139994317859077e+01
137 137 9.73945119283466170e+01
138 137 -3.20981570041758069e+00
136 138 -4.48289787033382670e+00
137 138 -3.20981570041758069e+00
138 138 5.78014236950125380e+01
139 139 1.45711894847478447e+02
140 139 1.03855688277494338e+02
141 139 -1.03458921818383121e+00
139 140 1.03855688277494338e+02
140 140 1.15617510422218842e+02
141 140 -8.97739036306064442e-01
139 141 -1.03458921818383121e+00
140 141 -8.97739036306064442e-01
141 141 5.14954894428880650e+01
142 142 1.46515992855949094e+02
143 142 1.02727193871100710e+02
144 142 -5.98301547399141320e+00
142 143 1.02727193871100710e+02
143 143 1.14106538366178370e+02
144 143 -5.13176233688984595e+00
142 144 -5.98301547399141320e+00
143 144 -5.13176233688984595e+00
144 144 5.29779202091120425e+01
145 145 1.77573069291467789e+02
146 145 9.08934187599661527e+01
147 145 -3.45556773965854447e+00
145 146 9.08934187599661527e+01
146 146 8.79702568074935698e+01
147 146 -2.23126802441411520e+00
145 147 -3.45556773965854447e+00
146 147 -2.23126802441411520e+00
147 147 6.45439037332946270e+01
148 148 1.77238855202457245e+02
149 148 9.30127503085413991e+01
150 148 -5.19812134881760457e+00
148 149 9.30127503085413991e+01
149 149 8.95047754248341363e+01
150 149 -3.40009372770475782e+00
148 150 -5.19812134881760457e+00
149 150 -3.40009372770475782e+00
150 150 6.25477090920132497e+01
151 151 1.68804664879019469e+02
152 151 9.16388048038740948e+01
153 151 -1.78366311453590392e+01
151 152 9.16388048038740948e+01
152 152 9.27230806857610901e+01
153 152 -1.22925278663848125e+01
151 153 -1.78366311453590392e+01
152 153 -1.22925278663848125e+01
153 153 6.64457978618721938e+01
154 154 1.46531942529115298e+02
155 154 9.04720770280623725e+01
156 154 -9.99481457636809090e+00
154 155 9.04720770280623725e+01
155 155 1.03996430372728568e+02
156 155 -8.07757384488272479e+00
154 156 -9.99481457636809090e+00
155 156 -8.07757384488272479e+00
156 156 6.58863578566266312e+01
157 157 1.44818652758738125e+02
158 157 9.28601178033565304e+01
159 157 -2.27558390326699183e+01
157 158 9.28601178033565304e+01
158 158 1.07821104794221995e+02
159 158 -1.89575842106829207e+01
157 159 -2.27558390326699183e+01
158 159 -1.89575842106829207e+01
159 159 6.78330731745440261e+01
160 160 1.40628122002304224e+02
161 160 1.02933729769035025e+02
162 160 1.81847129946685704e+00
160 161 1.02933729769035025e+02
161 161 1.18783405776527232e+02
162 161 1.63951154992124271e+00
160 162 1.81847129946685704e+00
161 162 1.63951154992124271e+00
162 162 5.24418754910410811e+01
163 163 1.65477578463132147e+02
164 163 9.12510998719486963e+01
165 163 7.98688705216208383e+00
163 164 9.12510998719486963e+01
164 164 9.37604610167851575e+01
165 164 5.61045911443520495e+00
163 165 7.98688705216208383e+00
164 165 5.61045911443520495e+00
165 165 6.46522984313164670e+01
166 166 1.68804664878828845e+02
167 166 9.16388048039915617e+01
168 166 1.78366311451124595e+01
166 167 9.16388048039915617e+01
167 167 9.27230806859226533e+01
168 167 1.22925278662373909e+01
166 168 1.78366311451124595e+01
167 168 1.22925278662373909e+01
168 168 6.64457978616824363e+01
169 169 1.77238855202470717e+02
170 169 9.30127503086442147e+01
171 169 5.19812134863230835e+00
169 170 9.30127503086442147e+01
170 170 8.95047754248935519e+01
171 170 3.40009372758494699e+00
169 171 5.19812134863230835e+00
170 171 3.40009372758494699e+00
171 171 6.25477090918947383e+01
172 172 1.67921319608279873e+02
173 172 9.70755032616530542e+01
174 172 -5.77269061439165210e+00
172 173 9.70755032616530542e+01
173 173 9.66169876048858498e+01
174 173 -4.10189991374168983e+00
172 174 -5.77269061439165210e+00
173 174 -4.10189991374168983e+00
174 174 5.85539153127271845e+01
175 175 1.72846060356530984e+02
176 175 9.46374346538795379e+01
177 175 -1.41635788616196017e+01
175 176 9.46374346538795379e+01
176 176 9.27369400930902401e+01
177 176 -9.62879261062257896e+00
175 177 -1.41635788616196017e+01
176 177 -9.62879261062257896e+00
177 177 6.23862960718113797e+01
178 178 1.79024276507629935e+02
179 178 9.41478707005437485e+01
180 178 -3.55451988891165938e+00
178 179 9.41478707005437485e+01
179 179 8.94702893268716792e+01
180 179 -2.31098697800969521e+00
178 180 -3.55451988891165938e+00
179 180 -2.31098697800969521e+00
180 180 6.12941326742717649e+01
181 181 1.63508146711089665e+02
182 181 9.95417737877065889e+01
183 181 2.40103911166887762e+01
181 182 9.95417737877065889e+01
182 182 1.01459067552845156e+02
183 182 1.78962492768777288e+01
181 183 2.40103911166887762e+01
182 183 1.78962492768777288e+01
183 183 6.09601233584246174e+01
184 184 1.47323382939941723e+02
185 184 9.31997606678757222e+01
186 184 2.73525833976317578e+01
184 185 9.31997606678757222e+01
185 185 1.06759529163873552e+02
186 185 2.24115636300303969e+01
184 186 2.73525833976317578e+01
185 186 2.24115636300303969e+01
186 186 6.97175497231082488e+01
187 187 1.23703010700983484e+02
188 187 8.65342600252231051e+01
189 187 1.02158068828194057e+01
187 188 8.65342600252231051e+01
188 188 1.18502433279293470e+02
189 188 9.94608547606884486e+00
187 189 1.02158068828194057e+01
188 189 9.94608547606884486e+00
189 189 7.01130229250461952e+01
190 190 1.15862980702109084e+02
191 190 8.05556580039107075e+01
192 190 1.26585153913635313e+01
190 191 8.05556580039107075e+01
191 191 1.20526128321488898e+02
192 191 1.29754781786959938e+01
190 192 1.26585153913635313e+01
191 192 1.29754781786959938e+01
192 192 7.69625235344911829e+01
193 193 1.31441702586206958e+02
194 193 1.07543211206896601e+02
195 193 -0.00000000000000000e+00
193 194 1.07543211206896601e+02
194 194 1.31441702586206958e+02
195 194 -0.00000000000000000e+00
193 195 -0.00000000000000000e+00
194 195 -0.00000000000000000e+00
195 195 4.77969827586207003e+01
196 196 1.94385402629963437e+02
197 196 1.05321524882830317e+02
198 196 1.39001237895951473e+01
196 197 1.05321524882830317e+02
197 197 9.05195827047840567e+01
198 197 8.68918448243709207e+00
196 198 1.39001237895951473e+01
197 198 8.68918448243709207e+00
198 198 5.14352986640189087e+01
199 199 1.71478326314969280e+02
200 199 8.16409337318161903e+01
201 199 2.93033830352871156e+01
199 200 8.16409337318161903e+01
200 200 8.54637068815735574e+01
201 200 1.89265716773486474e+01
199 201 2.93033830352871156e+01
200 201 1.89265716773486474e+01
201 201 8.09723427798965218e+01
202 202 1.56871576702557007e+02
203 202 1.01635026236703709e+02
204 202 -2.18028424180775303e-02
202 203 1.01635026236703709e+02
203 203 1.06162385774818162e+02
204 203 -1.71488845155132914e-02
202 204 -2.18028424180775303e-02
203 204 -1.71488845155132914e-02
204 204 5.37051721974240550e+01
205 205 1.46828537805228564e+02
206 205 1.03616537810415551e+02
207 205 -8.94563006192562127e-01
205 206 1.03616537810415551e+02
206 206 1.14578370306206452e+02
207 206 -7.68311577208175889e-01
205 207 -8.94563006192562127e-01
206 207 -7.68311577208175889e-01
207 207 5.17317933334738598e+01
208 208 1.58168866106159157e+02
209 208 1.01751815638341554e+02
210 208 -2.19473494193391172e+00
208 209 1.01751815638341554e+02
209 209 1.05465558188511665e+02
210 209 -1.71060367260172619e+00
208 210 -2.19473494193391172e+00
209 210 -1.71060367260172619e+00
210 210 5.36332212558108310e+01
211 211 1.80540930937318080e+02
212 211 9.11348632644029095e+01
213 211 2.33001873522969705e+00
211 212 9.11348632644029095e+01
212 212 8.69025220895364185e+01
213 212 1.47770880556036621e+00
211 213 2.33001873522969705e+00
212 213 1.47770880556036621e+00
213 213 6.42486537887291007e+01
214 214 1.77138769565687426e+02
215 214 9.10783076007273564e+01
216 214 1.06131872504648395e+00
214 215 9.10783076007273564e+01
215 215 8.82602215173735942e+01
216 215 6.87817491317133767e-01
214 216 1.06131872504648395e+00
215 216 6.87817491317133767e-01
216 216 6.42710745287102441e+01
217 217 1.74197067688229282e+02
218 217 9.07558675985924310e+01
219 217 2.18606960707220566e+00
217 218 9.07558675985924310e+01
218 218 8.93110825150719307e+01
219 218 1.44217256419009709e+00
217 219 2.18606960707220566e+00
218 219 1.44217256419009709e+00
219 219 6.46240714234344296e+01
220 220 1.31441702586206958e+02
221 220 1.07543211206896601e+02
222 220 -0.00000000000000000e+00
220 221 1.07543211206896601e+02
221 221 1.31441702586206958e+02
222 221 -0.00000000000000000e+00
220 222 -0.00000000000000000e+00
221 222 -0.00000000000000000e+00
222 222 4.77969827586207003e+01
223 223 1.31449109970212419e+02
224 223 9.41966324613553070e+01
225 223 -6.52309059635085209e+00
223 224 9.41966324613553070e+01
224 224 1.18595487171293115e+02
225 224 -6.12089676444910946e+00
223 225 -6.52309059635085209e+00
224 225 -6.12089676444910946e+00
225 225 6.16381043469378724e+01
226 226 1.35553196031255567e+02
227 226 8.53245074815513220e+01
228 226 -2.78467985552309472e+00
226 227 8.53245074815513220e+01
227 227 1.07201417755369775e+02
228 227 -2.40528691483280710e+00
226 228 -2.78467985552309472e+00
227 228 -2.40528691483280710e+00
228 228 7.01024992376462706e+01
229 229 1.58211189755588975e+02
230 229 9.01576977427021831e+01
231 229 -5.26167416227980933e+00
229 230 9.01576977427021831e+01
230 230 9.66876395481769038e+01
231 230 -3.87345693223032095e+00
229 231 -5.26167416227980933e+00
230 231 -3.87345693223032095e+00
231 231 6.54401525662276384e+01
232 232 1.66727813400666435e+02
233 232 9.08555986108263056e+01
234 232 -2.70150386234346085e+00
232 233 9.08555986108263056e+01
233 233 9.28044347047949998e+01
234 233 -1.87639923294604882e+00
232 234 -2.70150386234346085e+00
233 234 -1.87639923294604882e+00
234 234 6.45484663705910577e+01
235 235 1.74155860866600023e+02
236 235 9.13739612428790764e+01
237 235 -5.43907288736904349e+00
235 236 9.13739612428790764e+01
236 236 8.97648545694774924e+01
237 236 -3.60113025401818376e+00
235 237 -5.43907288736904349e+00
236 237 -3.60113025401818376e+00
237 237 6.42123397353512928e+01
238 238 1.68733181642740959e+02
239 238 9.55060291683735301e+01
240 238 -1.60034319452235039e+01
238 239 9.55060291683735301e+01
239 239 9.53743139366332855e+01
240 239 -1.12423321162601511e+01
238 240 -1.60034319452235039e+01
239 240 -1.12423321162601511e+01
240 240 6.20445281565673596e+01
241 241 1.72864256029145963e+02
242 241 9.48025442066095678e+01
243 241 -1.52982298959493903e+01
241 242 9.48025442066095678e+01
242 242 9.28789529334093658e+01
243 242 -1.04102460876479306e+01
241 243 -1.52982298959493903e+01
242 243 -1.04102460876479306e+01
243 243 6.25014888874774286e+01
244 244 1.71702660712271637e+02
245 244 9.57244617349542324e+01
246 244 -1.52290549160424717e+01
244 245 9.57244617349542324e+01
245 245 9.40544581328394713e+01
246 245 -1.04920878202376677e+01
244 246 -1.52290549160424717e+01
245 246 -1.04920878202376677e+01
246 246 6.15771460618043349e+01
247 247 1.31441702586206958e+02
248 247 1.07543211206896601e+02
249 247 -0.00000000000000000e+00
247 248 1.07543211206896601e+02
248 248 1.31441702586206958e+02
249 248 -0.00000000000000000e+00
247 249 -0.00000000000000000e+00
248 249 -0.00000000000000000e+00
249 249 4.77969827586207003e+01
250 250 1.23131336764717645e+02
251 250 8.59747828800518903e+01
252 250 -1.04694334429678975e+01
250 251 8.59747828800518903e+01
251 251 1.18514761466179507e+02
252 251 -1.02230002135933393e+01
250 252 -1.04694334429678975e+01
251 252 -1.02230002135933393e+01
252 252 7.07461161860677805e+01
253 253 1.39161436658764956e+02
254 253 9.03442627152246587e+01
255 253 -1.49860525649486558e+01
253 254 9.03442627152246587e+01
254 254 1.09252189506784191e+02
255 254 -1.28959567068222540e+01
253 255 -1.49860525649486558e+01
254 255 -1.28959567068222540e+01
255 255 6.74314686527825131e+01
256 256 1.58154503999622904e+02
257 256 9.09797785519723874e+01
258 256 7.62655252998325572e+00
256 257 9.09797785519723874e+01
257 257 9.73670681365114206e+01
258 257 5.64172881790699865e+00
256 258 7.62655252998325572e+00
257 258 5.64172881790699865e+00
258 258 6.49019582312313048e+01
259 259 1.46782841236373343e+02
260 259 9.03225124472403849e+01
261 259 4.41568248561371490e+00
259 260 9.03225124472403849e+01
260 260 1.03580208473585586e+02
261 260 3.55573094649301291e+00
259 261 4.41568248561371490e+00
260 261 3.55573094649301291e+00
261 261 6.52160209715558921e+01
262 262 1.35467036582158755e+02
263 262 8.83364014928998955e+01
264 262 6.80174343076280685e+00
262 263 8.83364014928998955e+01
263 263 1.09965414819943064e+02
264 263 5.97403138980827020e+00
262 264 6.80174343076280685e+00
263 264 5.97403138980827020e+00
264 264 6.75221253236666286e+01
265 265 1.66843406772840297e+02
266 265 9.29309951166333548e+01
267 265 3.65372284870608510e+01
265 266 9.29309951166333548e+01
266 266 9.58343788212308993e+01
267 266 2.59193465238436218e+01
265 267 3.65372284870608510e+01
266 267 2.59193465238436218e+01
267 267 7.40830056946931990e+01
268 268 1.47127642562799394e+02
269 268 9.33695702870968915e+01
270 268 2.89957507697709573e+01
268 269 9.33695702870968915e+01
269 269 1.07186895341664524e+02
270 269 2.38380046187060977e+01
268 270 2.89957507697709573e+01
269 270 2.38380046187060977e+01
270 270 7.04989787249749611e+01
271 271 1.37580242814075518e+02
272 271 8.96949407528400968e+01
273 271 3.06865356031427936e+01
271 272 8.96949407528400968e+01
272 272 1.11256556305268518e+02
273 272 2.69001056493716852e+01
271 273 3.06865356031427936e+01
272 273 2.69001056493716852e+01
273 273 7.59994157699733250e+01
274 274 1.74295368157841580e+02
275 274 9.62931682016519801e+01
276 274 3.04700983158687544e+00
274 275 9.62931682016519801e+01
275 275 9.29749946473561550e+01
276 275 2.06499792330421750e+00
274 276 3.04700983158687544e+00
275 276 2.06499792330421750e+00
276 276 5.91241905055196568e+01
277 277 1.79092778083214313e+02
278 277 9.42705358217602765e+01
279 277 3.92514307097408111e+00
277 278 9.42705358217602765e+01
278 278 8.95239847427035755e+01
279 278 2.55243045251941547e+00
277 279 3.92514307097408111e+00
278 279 2.55243045251941547e+00
279 279 6.11937505673155187e+01
280 280 1.72045854168931925e+02
281 280 9.61423828430456950e+01
282 280 5.36752316864646506e+00
280 281 9.61423828430456950e+01
281 281 9.39429866614585478e+01
282 281 3.69074440793152059e+00
280 282 5.36752316864646506e+00
281 282 3.69074440793152059e+00
282 282 5.94408993592739350e+01
283 283 1.56379787020747358e+02
284 283 9.82929033332086135e+01
285 283 -2.10240397278003890e+01
283 284 9.82929033332086135e+01
284 284 1.04499637940370448e+02
285 284 -1.63987027987171246e+01
283 285 -2.10240397278003890e+01
284 285 -1.63987027987171246e+01
285 285 6.12177873459772215e+01
286 286 1.64807201625210041e+02
287 286 9.89712420788489169e+01
288 286 -1.94565195104745143e+01
286 287 9.89712420788489169e+01
287 287 1.00057861804158208e+02
288 287 -1.43040133453251155e+01
286 288 -1.94565195104745143e+01
287 288 -1.43040133453251155e+01
288 288 5.97271203668217439e+01
289 289 1.72079488024577728e+02
290 289 9.96318272865726016e+01
291 289 -2.24713822601601585e+01
289 290 9.96318272865726016e+01
290 290 9.69092403615973836e+01
291 290 -1.57734587247673428e+01
289 291 -2.24713822601601585e+01
290 291 -1.57734587247673428e+01
291 291 5.99680476781476486e+01
292 292 1.59222345190067415e+02
293 292 9.26625644912087552e+01
294 292 -1.94259066863136525e+01
292 293 9.26625644912087552e+01
293 293 9.84640349214471939e+01
294 293 -1.44199320392787200e+01
292 294 -1.94259066863136525e+01
293 294 -1.44199320392787200e+01
294 294 6.61633956563104420e+01
295 295 1.45127891478645950e+02
296 295 9.27102131081330043e+01
297 295 -2.11005934182061949e+01
295 296 9.27102131081330043e+01
296 296 1.07355987815050327e+02
297 296 -1.75074690598246896e+01
295 297 -2.11005934182061949e+01
296 297 -1.75074690598246896e+01
297 297 6.72208128073446716e+01
298 298 1.35054412418172291e+02
299 298 8.97513827171596006e+01
300 298 -1.73158231929240216e+01
298 299 8.97513827171596006e+01
299 299 1.12044285849328986e+02
300 299 -1.54197609206509725e+01
298 300 -1.73158231929240216e+01
299 300 -1.54197609206509725e+01
300 300 6.89606259259556538e+01
301 301 1.80062261944976143e+02
302 301 9.26682117891876658e+01
303 301 -3.93498641237931457e+00
301 302 9.26682117891876658e+01
302 302 8.80851784650363925e+01
303 302 -2.52275789621186330e+00
301 303 -3.93498641237931457e+00
302 303 -2.52275789621186330e+00
303 303 6.27959235201631287e+01
304 304 1.77263440389905071e+02
305 304 9.29580898007363743e+01
306 304 -4.75519022564826344e+00
304 305 9.29580898007363743e+01
305 305 8.94538123433751622e+01
306 305 -3.10891473888266878e+00
304 306 -4.75519022564826344e+00
305 306 -3.10891473888266878e+00
306 306 6.25664017685356981e+01
307 307 1.76791129380479646e+02
308 307 9.24763405134982150e+01
309 307 -4.39151767660265602e+00
307 308 9.24763405134982150e+01
308 308 8.93372815115750996e+01
309 308 -2.87302218017584687e+00
307 309 -4.39151767660265602e+00
308 309 -2.87302218017584687e+00
309 309 6.30215247741641491e+01
310 310 1.57128171643302124e+02
311 310 1.00598206763909317e+02
312 310 6.72060186219627909e+00
310 311 1.00598206763909317e+02
311 311 1.05258249606477563e+02
312 311 5.25185225235673236e+00
310 312 6.72060186219627909e+00
311 312 5.25185225235673236e+00
312 312 5.51657524739243570e+01
313 313 1.47313441040209113e+02
314 313 1.02559107641145815e+02
315 313 5.52213025417486492e+00
313 314 1.02559107641145815e+02
314 314 1.13370927329659892e+02
315 314 4.70183508070086109e+00
313 315 5.52213025417486492e+00
314 315 4.70183508070086109e+00
315 315 5.30899419636990189e+01
316 316 1.58138871964570512e+02
317 316 1.00699956497463788e+02
318 316 4.57594541183349435e+00
316 317 1.00699956497463788e+02
317 317 1.04689121348408534e+02
318 317 3.54992963583069265e+00
316 318 4.57594541183349435e+00
317 318 3.54992963583069265e+00
318 318 5.48352167686260046e+01
319 319 1.59612717756359928e+02
320 319 9.08180959694794865e+01
321 319 1.28937083463169557e+01
319 320 9.08180959694794865e+01
320 320 9.66042012167049933e+01
321 320 9.43733592248078956e+00
319 321 1.28937083463169557e+01
320 321 9.43733592248078956e+00
321 321 6.60533276187341585e+01
322 322 1.68872100910566303e+02
323 322 9.15872412541452263e+01
324 322 1.65361970887815311e+01
322 323 9.15872412541452263e+01
323 323 9.26023009365903675e+01
324 323 1.13836510158546140e+01
322 324 1.65361970887815311e+01
323 324 1.13836510158546140e+01
324 324 6.61106733255166006e+01
325 325 1.76485320699958265e+02
326 325 9.20783843936399080e+01
327 325 1.43584594307854125e+01
325 326 9.20783843936399080e+01
326 326 8.94083285267068248e+01
327 326 9.40811421226109879e+00
325 327 1.43584594307854125e+01
326 327 9.40811421226109879e+00
327 327 6.49507279253110283e+01
328 328 1.31441702586206958e+02
329 328 1.07543211206896601e+02
330 328 -0.00000000000000000e+00
328 329 1.07543211206896601e+02
329 329 1.31441702586206958e+02
330 329 -0.00000000000000000e+00
328 330 -0.00000000000000000e+00
329 330 -0.00000000000000000e+00
330 330 4.77969827586207003e+01
331 331 1.40024069810649110e+02
332 331 1.02352570982901426e+02
333 331 -2.14643931380939978e+00
331 332 1.02352570982901426e+02
332 332 1.18753569410713567e+02
333 332 -1.93992509834456905e+00
331 333 -2.14643931380939978e+00
332 333 -1.93992509834456905e+00
333 333 5.30372158650593946e+01
334 334 1.35641584556526340e+02
335 334 8.54717627963009647e+01
336 334 6.21168709675125807e+00
334 335 8.54717627963009647e+01
335 335 1.07322242146306465e+02
336 335 5.36715431617711936e+00
334 336 6.21168709675125807e+00
335 336 5.36715431617711936e+00
336 336 7.03000580319025232e+01
337 337 1.35054412418648809e+02
338 337 8.97513827175582435e+01
339 337 1.73158231924945447e+01
337 338 8.97513827175582435e+01
338 338 1.12044285849273734e+02
339 338 1.54197609202306385e+01
337 339 1.73158231924945447e+01
338 339 1.54197609202306385e+01
339 339 6.89606259253753393e+01
340 340 1.45127891478708449e+02
341 340 9.27102131078690803e+01
342 340 2.11005934189584465e+01
340 341 9.27102131078690803e+01
341 341 1.07355987814842194e+02
342 341 1.75074690604225047e+01
340 342 2.11005934189584465e+01
341 342 1.75074690604225047e+01
342 342 6.72208128079335552e+01
343 343 1.59222345189846379e+02
344 343 9.26625644912990367e+01
345 343 1.94259066861585588e+01
343 344 9.26625644912990367e+01
344 344 9.84640349216285955e+01
345 344 1.44199320391929131e+01
343 345 1.94259066861585588e+01
344 345 1.44199320391929131e+01
345 345 6.61633956561701950e+01
346 346 1.35509105340459058e+02
347 346 8.83006993397528959e+01
348 346 5.15150770652746903e+00
346 347 8.83006993397528959e+01
347 347 1.09862815700286617e+02
348 347 4.52106480501933383e+00
346 348 5.15150770652746903e+00
347 348 4.52106480501933383e+00
348 348 6.73367113364847683e+01
349 349 1.46724132157068397e+02
350 349 9.04210488252945623e+01
351 349 8.28392548276689844e+00
349 350 9.04210488252945623e+01
350 350 1.03778330434480395e+02
351 350 6.68051979076215208e+00
349 351 8.28392548276689844e+00
350 351 6.68051979076215208e+00
351 351 6.56175276295130345e+01
352 352 1.58205469400761075e+02
353 352 9.09400720052494762e+01
354 352 5.82832324324287399e+00
352 353 9.09400720052494762e+01
353 353 9.72765071904839687e+01
354 353 4.30801615650099823e+00
352 354 5.82832324324287399e+00
353 354 4.30801615650099823e+00
354 354 6.47162759711031725e+01
355 355 1.31441702586206958e+02
356 355 1.07543211206896601e+02
357 355 -0.00000000000000000e+00
355 356 1.07543211206896601e+02
356 356 1.31441702586206958e+02
357 356 -0.00000000000000000e+00
355 357 -0.00000000000000000e+00
356 357 -0.00000000000000000e+00
357 357 4.77969827586207003e+01
358 358 1.35601154995464100e+02
359 358 9.86895167943596476e+01
360 358 -4.20086596380618715e+00
358 359 9.86895167943596476e+01
359 359 1.19125026394420786e+02
360 359 -3.87869875892502547e+00
358 360 -4.20086596380618715e+00
359 360 -3.87869875892502547e+00
360 360 5.68481576326185802e+01
361 361 1.35558308515473300e+02
362 361 8.53080266872107416e+01
363 361 2.13144570471202455e+00
361 362 8.53080266872107416e+01
362 362 1.07177159228373128e+02
363 362 1.84074107200099535e+00
361 363 2.13144570471202455e+00
362 363 1.84074107200099535e+00
363 363 7.00830255560273940e+01
364 364 1.76791129379899672e+02
365 364 9.24763405134303014e+01
366 364 4.39151767650848601e+00
364 365 9.24763405134303014e+01
365 365 8.93372815117780874e+01
366 365 2.87302218012414379e+00
364 366 4.39151767650848601e+00
365 366 2.87302218012414379e+00
366 366 6.30215247742259237e+01
367 367 1.77263440389863945e+02
368 367 9.29580898007862686e+01
369 367 4.75519022530842328e+00
367 368 9.29580898007862686e+01
368 368 8.94538123434219301e+01
369 368 3.10891473866200929e+00
367 369 4.75519022530842328e+00
368 369 3.10891473866200929e+00
369 369 6.25664017684595350e+01
370 370 1.80062261945284206e+02
371 370 9.26682117889659480e+01
372 370 3.93498641245027780e+00
370 371 9.26682117889659480e+01
371 371 8.80851784647681768e+01
372 371 2.52275789624959934e+00
370 372 3.93498641245027780e+00
371 372 2.52275789624959934e+00
372 372 6.27959235203890742e+01
373 373 1.74183759624164139e+02
374 373 9.07416943762973034e+01
375 373 1.69364998591016169e+00
373 374 9.07416943762973034e+01
374 374 8.93054280781755523e+01
375 374 1.11731945857981785e+00
373 375 1.69364998591016169e+00
374 375 1.11731945857981785e+00
375 375 6.46223579679243443e+01
376 376 1.77573980181238795e+02
377 376 9.09128057067520672e+01
378 376 2.97410206718108627e+00
376 377 9.09128057067520672e+01
377 377 8.79791436486246710e+01
378 377 1.92051201767045110e+00
376 378 2.97410206718108627e+00
377 378 1.92051201767045110e+00
378 378 6.44993359972673943e+01
379 379 1.80469785099486643e+02
380 379 9.11182102323550822e+01
381 379 1.88216647298788398e+00
379 380 9.11182102323550822e+01
380 380 8.69186767836347229e+01
381 380 1.19410303256950079e+00
379 381 1.88216647298788398e+00
380 381 1.19410303256950079e+00
381 381 6.42502659820012809e+01
382 382 1.58238579835979095e+02
383 382 9.01228078117871689e+01
384 382 4.02023667926359618e+00
382 383 9.01228078117871689e+01
383 383 9.66313347827344984e+01
384 383 2.95810843418756564e+00
382 384 4.02023667926359618e+00
383 384 2.95810843418756564e+00
384 384 6.53677722293142551e+01
385 385 1.65602890715561443e+02
386 385 9.12218492647418771e+01
387 385 6.73923165784553291e+00
385 386 9.12218492647418771e+01
386 386 9.36553384856682385e+01
387 386 4.72837747772541483e+00
385 387 6.73923165784553291e+00
386 387 4.72837747772541483e+00
387 387 6.45189783750900716e+01
388 388 1.74159533095380027e+02
389 388 9.13368911573551401e+01
390 388 4.17715264432344124e+00
388 389 9.13368911573551401e+01
389 389 8.97253395752019287e+01
390 389 2.76476790249835513e+00
388 390 4.17715264432344124e+00
389 390 2.76476790249835513e+00
390 390 6.41484552376833506e+01
391 391 1.58168866106095436e+02
392 391 1.01751815638193861e+02
393 391 2.19473494200678010e+00
391 392 1.01751815638193861e+02
392 392 1.05465558188435722e+02
393 392 1.71060367265812996e+00
391 393 2.19473494200678010e+00
392 393 1.71060367265812996e+00
393 393 5.36332212559615158e+01
394 394 1.46828537805270230e+02
395 394 1.03616537810565305e+02
396 394 8.94563005629439134e-01
394 395 1.03616537810565305e+02
395 395 1.14578370306302560e+02
396 395 7.68311576724804435e-01
394 396 8.94563005629439134e-01
395 396 7.68311576724804435e-01
396 396 5.17317933333138527e+01
397 397 1.56871576702790975e+02
398 397 1.01635026236683743e+02
399 397 2.18028422248749132e-02
397 398 1.01635026236683743e+02
398 398 1.06162385774657707e+02
399 398 1.71488843635192109e-02
397 399 2.18028422248749132e-02
398 399 1.71488843635192109e-02
399 399 5.37051721974439502e+01
400 400 1.72210502190324974e+02
401 400 9.59840429172128609e+01
402 400 4.95546520590972328e+00
400 401 9.59840429172128609e+01
401 401 9.37515566913553755e+01
402 401 3.40086195644998845e+00
400 402 4.95546520590972328e+00
401 402 3.40086195644998845e+00
402 402 5.95631187381825100e+01
403 403 1.67665061002944867e+02
404 403 9.75552818406760451e+01
405 403 4.14645981872849312e+00
403 404 9.75552818406760451e+01
404 404 9.70685906231895643e+01
405 404 2.95811686932945639e+00
403 405 4.14645981872849312e+00
404 405 2.95811686932945639e+00
405 405 5.79344003635999414e+01
406 406 1.74473642560259293e+02
407 406 9.61362593587992649e+01
408 406 2.75221303422600450e+00
406 407 9.61362593587992649e+01
407 407 9.27851064785420192e+01
408 407 1.86154190046744294e+00
406 408 2.75221303422600450e+00
407 408 1.86154190046744294e+00
408 408 5.92668158036349553e+01
409 409 1.68751223069611143e+02
410 409 9.53373134833410774e+01
411 409 1.48846136555128972e+01
409 410 9.53373134833410774e+01
410 410 9.52050617437343618e+01
411 410 1.04433298684900784e+01
409 411 1.48846136555128972e+01
410 411 1.04433298684900784e+01
411 411 6.19147509133425302e+01
412 412 1.67811856845553109e+02
413 412 9.62078506570710914e+01
414 412 1.49071106639516628e+01
412 413 9.62078506570710914e+01
413 413 9.62891860725284801e+01
414 413 1.05726604072685273e+01
412 414 1.49071106639516628e+01
413 414 1.05726604072685273e+01
414 414 6.10625145231502557e+01
415 415 1.71912147838404138e+02
416 415 9.55743199419226244e+01
417 415 1.41908891067426630e+01
415 416 9.55743199419226244e+01
416 416 9.38160666430460992e+01
417 416 9.75330694214653882e+00
415 417 1.41908891067426630e+01
416 417 9.75330694214653882e+00
417 417 6.14665729528141114e+01
418 418 1.76485320700456981e+02
419 418 9.20783843936557389e+01
420 418 -1.43584594309121218e+01
418 419 9.20783843936557389e+01
419 419 8.94083285265062671e+01
420 419 -9.40811421231434686e+00
418 420 -1.43584594309121218e+01
419 420 -9.40811421231434686e+00
420 420 6.49507279253194980e+01
