%%MatrixMarket matrix coordinate  real general
768 768 2304
1 1 1.75296168877607442e+02
2 1 9.65637170057940040e+01
3 1 -1.73888556756271861e+00
1 2 9.65637170057940040e+01
2 2 9.26935962239715394e+01
3 2 -1.17216882006970846e+00
1 3 -1.73888556756271861e+00
2 3 -1.17216882006970846e+00
3 3 5.88014420307455410e+01
4 4 1.92002318552934412e+02
5 4 8.87865746974335934e+01
6 4 5.55687261891056306e+00
4 5 8.87865746974335934e+01
5 5 8.12490874468991535e+01
6 5 3.24571669213850011e+00
4 6 5.55687261891056306e+00
5 6 3.24571669213850011e+00
6 6 6.67832305879296797e+01
7 7 1.37434822636804796e+02
8 7 9.90320540998440180e+01
9 7 3.92042753543871614e+00
7 8 9.90320540998440180e+01
8 8 1.17893345855103391e+02
9 8 3.56712265260049843e+00
7 9 3.92042753543871614e+00
8 9 3.56712265260049843e+00
9 9 5.64773560968390527e+01
10 10 1.75200391161659581e+02
11 10 8.95315308356968274e+01
12 10 -1.25570492927422137e+01
10 11 8.95315308356968274e+01
11 11 8.82420534007970900e+01
12 11 -8.18875652050086877e+00
10 12 -1.25570492927422137e+01
11 12 -8.18875652050086877e+00
12 12 6.71113523819645366e+01
13 13 1.74627015479321614e+02
14 13 9.55291070275618637e+01
15 13 -2.24766797666994975e+01
13 14 9.55291070275618637e+01
14 14 9.28625286762391369e+01
15 14 -1.52035768526863109e+01
13 15 -2.24766797666994975e+01
14 15 -1.52035768526863109e+01
15 15 6.40007479224246651e+01
16 16 1.52941429221190077e+02
17 16 1.14556243813507521e+02
18 16 -5.19767110976952651e+00
16 17 1.14556243813507521e+02
17 17 1.19508953101156166e+02
18 17 -4.47398354292718636e+00
16 18 -5.19767110976952651e+00
17 18 -4.47398354292718636e+00
18 18 4.10456439089207095e+01
19 19 1.50087550224536045e+02
20 19 8.88841980719859208e+01
21 19 1.54651438263299692e+01
19 20 8.88841980719859208e+01
20 20 1.00708041996134909e+02
21 20 1.20656500452104609e+01
19 21 1.54651438263299692e+01
20 21 1.20656500452104609e+01
21 21 6.88251659681574637e+01
22 22 1.61527836138550896e+02
23 22 9.06345711913538565e+01
24 22 5.22090483469581912e+01
22 23 9.06345711913538565e+01
23 23 9.88487683610772052e+01
24 23 3.85280365307839432e+01
22 24 5.22090483469581912e+01
23 24 3.85280365307839432e+01
24 24 8.94621957098200795e+01
25 25 1.73582827057616299e+02
26 25 9.69975911921948750e+01
27 25 6.40467290234846320e+00
25 26 9.69975911921948750e+01
26 26 9.38205890437821353e+01
27 26 4.37739766283915444e+00
25 27 6.40467290234846320e+00
26 27 4.37739766283915444e+00
27 27 5.86851556095977926e+01
28 28 1.67583683011055143e+02
29 28 9.90426824805424246e+01
30 28 -3.14639862810812652e+01
28 29 9.90426824805424246e+01
29 29 9.93975393311392708e+01
30 29 -2.28075416102137680e+01
28 30 -3.14639862810812652e+01
29 30 -2.28075416102137680e+01
30 30 6.49099372110834878e+01
31 31 1.53871721559378443e+02
32 31 8.97279417292360364e+01
33 31 -1.87773102509722882e+01
31 32 8.97279417292360364e+01
32 32 9.92677486268093219e+01
33 32 -1.42989301123485966e+01
31 33 -1.87773102509722882e+01
32 33 -1.42989301123485966e+01
33 33 6.90032137805622057e+01
34 34 1.94187197632238735e+02
35 34 9.00777503041243506e+01
36 34 -4.47412977267365353e+00
34 35 9.00777503041243506e+01
35 35 8.12505929305658867e+01
36 35 -2.59651192722718616e+00
34 36 -4.47412977267365353e+00
35 36 -2.59651192722718616e+00
36 36 6.54093840961346444e+01
37 37 1.74697535342261915e+02
38 37 9.54934059380683493e+01
39 37 7.71083330401355749e+00
37 38 9.54934059380683493e+01
38 38 9.23072543044790592e+01
39 38 5.19347312772643921e+00
37 39 7.71083330401355749e+00
38 39 5.19347312772643921e+00
39 39 6.03396372249618622e+01
40 40 1.77314852229596710e+02
41 40 8.99965852170082456e+01
42 40 1.29577129043880870e+01
40 41 8.99965852170082456e+01
41 41 8.76631084929915687e+01
42 41 8.35376767615166393e+00
40 42 1.29577129043880870e+01
41 42 8.35376767615166393e+00
42 42 6.67116369267128988e+01
43 43 1.28025427200990379e+02
44 43 8.99348184916077855e+01
45 43 8.62106481055466745e+00
43 44 8.99348184916077855e+01
44 44 1.17697662471092656e+02
45 44 8.18236532730354860e+00
43 45 8.62106481055466745e+00
44 45 8.18236532730354860e+00
45 45 6.62975888800912827e+01
46 46 1.53871721559378472e+02
47 46 8.97279417292360932e+01
48 46 1.87773102509723060e+01
46 47 8.97279417292360932e+01
47 47 9.92677486268093219e+01
48 47 1.42989301123486072e+01
46 48 1.87773102509723060e+01
47 48 1.42989301123486072e+01
48 48 6.90032137805621488e+01
49 49 1.50667646753880888e+02
50 49 8.85014262600240613e+01
51 49 1.44329257184189363e+00
49 50 8.85014262600240613e+01
50 50 9.96959330028860791e+01
51 50 1.11602738568321413e+00
49 51 1.44329257184189363e+00
50 51 1.11602738568321413e+00
51 51 6.68593079291953103e+01
52 52 1.32716622746316290e+02
53 52 9.38942195372082153e+01
54 52 6.62061393289266231e+00
52 53 9.38942195372082153e+01
53 53 1.17213865793022904e+02
54 53 6.13090000975820182e+00
52 54 6.62061393289266231e+00
53 54 6.13090000975820182e+00
54 54 6.19494811543685913e+01
55 55 1.94187197632238735e+02
56 55 9.00777503041243506e+01
57 55 4.47412977267363754e+00
55 56 9.00777503041243506e+01
56 56 8.12505929305658867e+01
57 56 2.59651192722717727e+00
55 57 4.47412977267363754e+00
56 57 2.59651192722717727e+00
57 57 6.54093840961346160e+01
58 58 1.91145701497853196e+02
59 58 8.89177967617978453e+01
60 58 2.01053822742808336e-01
58 59 8.89177967617978453e+01
59 59 8.15929536164397575e+01
60 59 1.18086420671496231e-01
58 60 2.01053822742808336e-01
59 60 1.18086420671496231e-01
60 60 6.64226993211629235e+01
61 61 1.77460283640008868e+02
62 61 8.87808407042737571e+01
63 61 2.41023798012428403e-01
61 62 8.87808407042737571e+01
62 62 8.66471248872441890e+01
63 62 1.54070849040791269e-01
61 63 2.41023798012428403e-01
62 63 1.54070849040791269e-01
63 63 6.65598261366114201e+01
64 64 1.75296168877607499e+02
65 64 9.65637170057940324e+01
66 64 1.73888556756269463e+00
64 65 9.65637170057940324e+01
65 65 9.26935962239715394e+01
66 65 1.17216882006969203e+00
64 66 1.73888556756269463e+00
65 66 1.17216882006969203e+00
66 66 5.88014420307455055e+01
67 67 1.92155222719840793e+02
68 67 9.21167907557814374e+01
69 67 4.49158568767811062e+00
67 68 9.21167907557814374e+01
68 68 8.31473648050927352e+01
69 68 2.66534550432028494e+00
67 69 4.49158568767811062e+00
68 69 2.66534550432028494e+00
69 69 6.33732808834923702e+01
70 70 1.83777770395135235e+02
71 70 9.28638031698022388e+01
72 70 1.82886518225311789e+01
70 71 9.28638031698022388e+01
71 71 8.70287411752064202e+01
72 71 1.14922312196457614e+01
70 72 1.82886518225311789e+01
71 72 1.14922312196457614e+01
72 72 6.50914481341699940e+01
73 73 1.77314852229596710e+02
74 73 8.99965852170082456e+01
75 73 -1.29577129043880941e+01
73 74 8.99965852170082456e+01
74 74 8.76631084929915687e+01
75 74 -8.35376767615166571e+00
73 75 -1.29577129043880941e+01
74 75 -8.35376767615166571e+00
75 75 6.67116369267128988e+01
76 76 1.77460283640008868e+02
77 76 8.87808407042737997e+01
78 76 -2.41023798012454549e-01
76 77 8.87808407042737997e+01
77 77 8.66471248872442033e+01
78 77 -1.54070849040808006e-01
76 78 -2.41023798012454549e-01
77 78 -1.54070849040808006e-01
78 78 6.65598261366114059e+01
79 79 1.91145701497853253e+02
80 79 8.89177967617978879e+01
81 79 -2.01053822742824267e-01
79 80 8.89177967617978879e+01
80 80 8.15929536164397575e+01
81 80 -1.18086420671505571e-01
79 81 -2.01053822742824267e-01
80 81 -1.18086420671505571e-01
81 81 6.64226993211628809e+01
82 82 1.28025427200990322e+02
83 82 8.99348184916076292e+01
84 82 -8.62106481055464613e+00
82 83 8.99348184916076292e+01
83 83 1.17697662471092585e+02
84 83 -8.18236532730352728e+00
82 84 -8.62106481055464613e+00
83 84 -8.18236532730352728e+00
84 84 6.62975888800914106e+01
85 85 1.32716622746316290e+02
86 85 9.38942195372082153e+01
87 85 -6.62061393289265077e+00
85 86 9.38942195372082153e+01
86 86 1.17213865793022904e+02
87 86 -6.13090000975819116e+00
85 87 -6.62061393289265077e+00
86 87 -6.13090000975819116e+00
87 87 6.19494811543686126e+01
88 88 1.50667646753880831e+02
89 88 8.85014262600240045e+01
90 88 -1.44329257184191184e+00
88 89 8.85014262600240045e+01
89 89 9.96959330028860791e+01
90 89 -1.11602738568322812e+00
88 90 -1.44329257184191184e+00
89 90 -1.11602738568322812e+00
90 90 6.68593079291953671e+01
91 91 1.13769289226465901e+02
92 91 7.66447700352003238e+01
93 91 -1.43540223930692328e+01
91 92 7.66447700352003238e+01
92 92 1.18858914030492670e+02
93 92 -1.47548785892894454e+01
91 93 -1.43540223930692328e+01
92 93 -1.47548785892894454e+01
93 93 8.15611762630594939e+01
94 94 1.23370163499929163e+02
95 94 8.43874781770071536e+01
96 94 -1.12347480539226972e+01
94 95 8.43874781770071536e+01
95 95 1.16787400747905707e+02
96 95 -1.08566430763365798e+01
94 96 -1.12347480539226972e+01
95 96 -1.08566430763365798e+01
96 96 7.25388402743093081e+01
97 97 1.50532625181908060e+02
98 97 9.18952294237728609e+01
99 97 -3.40449815624117846e+01
97 98 9.18952294237728609e+01
98 98 1.04235520978644033e+02
99 98 -2.71166225676280774e+01
97 99 -3.40449815624117846e+01
98 99 -2.71166225676280774e+01
99 99 7.48860027395472798e+01
100 100 1.74627015479321528e+02
101 100 9.55291070275617784e+01
102 100 2.24766797666994869e+01
100 101 9.55291070275617784e+01
101 101 9.28625286762391369e+01
102 101 1.52035768526863109e+01
100 102 2.24766797666994869e+01
101 102 1.52035768526863109e+01
102 102 6.40007479224247504e+01
103 103 1.44960269554808605e+02
104 103 1.02555595895388450e+02
105 103 8.73001843742938455e+00
103 104 1.02555595895388450e+02
104 104 1.15190034785886539e+02
105 104 7.58100723911800145e+00
103 105 8.73001843742938455e+00
104 105 7.58100723911800145e+00
105 105 5.35715229677560387e+01
106 106 1.43157932122584896e+02
107 106 1.04119422652041195e+02
108 106 1.51901433806951447e+00
106 107 1.04119422652041195e+02
107 107 1.17817928525204550e+02
108 107 1.34801035895967525e+00
106 108 1.51901433806951447e+00
107 108 1.34801035895967525e+00
108 108 5.12449560294289910e+01
109 109 1.52941429221190248e+02
110 109 1.14556243813507692e+02
111 109 5.19767110976949454e+00
109 110 1.14556243813507692e+02
110 110 1.19508953101156166e+02
111 110 4.47398354292715617e+00
109 111 5.19767110976949454e+00
110 111 4.47398354292715617e+00
111 111 4.10456439089205674e+01
112 112 2.12095254087992544e+02
113 112 1.02755048642646202e+02
114 112 2.14176929998975183e+01
112 113 1.02755048642646202e+02
113 113 8.29882746645872800e+01
114 113 1.20011486039885344e+01
112 114 2.14176929998975183e+01
113 114 1.20011486039885344e+01
114 114 5.56319403821724663e+01
115 115 1.73181620621892932e+02
116 115 9.78465960045720635e+01
117 115 2.83646204389546917e+01
115 116 9.78465960045720635e+01
116 116 9.54743217938856077e+01
117 116 1.96406026303735892e+01
115 117 2.83646204389546917e+01
116 117 1.96406026303735892e+01
117 117 6.42303914680884986e+01
118 118 1.37434822636804796e+02
119 118 9.90320540998440180e+01
120 118 -3.92042753543870814e+00
118 119 9.90320540998440180e+01
119 119 1.17893345855103391e+02
120 119 -3.56712265260049088e+00
118 120 -3.92042753543870814e+00
119 120 -3.56712265260049088e+00
120 120 5.64773560968390527e+01
121 121 1.42365376520088489e+02
122 121 1.02684434323090628e+02
123 121 -1.76688153893213240e+00
121 122 1.02684434323090628e+02
122 122 1.17170195372664850e+02
123 122 -1.56777560982509723e+00
121 123 -1.76688153893213240e+00
122 123 -1.56777560982509723e+00
123 123 5.26886999696846843e+01
124 124 1.46388469661933982e+02
125 124 9.22380497135867614e+01
126 124 3.19810949052639693e+01
124 125 9.22380497135867614e+01
125 125 1.07070593447886409e+02
126 125 2.63531108177357929e+01
124 126 3.19810949052639693e+01
125 126 2.63531108177357929e+01
126 126 7.35396351968998800e+01
127 127 1.61527836138550896e+02
128 127 9.06345711913538565e+01
129 127 -5.22090483469581486e+01
127 128 9.06345711913538565e+01
128 128 9.88487683610771768e+01
129 128 -3.85280365307839148e+01
127 129 -5.22090483469581486e+01
128 129 -3.85280365307839148e+01
129 129 8.94621957098200369e+01
130 130 1.73181620621892961e+02
131 130 9.78465960045721346e+01
132 130 -2.83646204389546917e+01
130 131 9.78465960045721346e+01
131 131 9.54743217938856077e+01
132 131 -1.96406026303735892e+01
130 132 -2.83646204389546917e+01
131 132 -1.96406026303735892e+01
132 132 6.42303914680884276e+01
133 133 2.12095254087992544e+02
134 133 1.02755048642646202e+02
135 133 -2.14176929998975218e+01
133 134 1.02755048642646202e+02
134 134 8.29882746645872800e+01
135 134 -1.20011486039885398e+01
133 135 -2.14176929998975218e+01
134 135 -1.20011486039885398e+01
135 135 5.56319403821724663e+01
136 136 1.73582827057616271e+02
137 136 9.69975911921948466e+01
138 136 -6.40467290234848896e+00
136 137 9.69975911921948466e+01
137 137 9.38205890437821495e+01
138 137 -4.37739766283917309e+00
136 138 -6.40467290234848896e+00
137 138 -4.37739766283917309e+00
138 138 5.86851556095978140e+01
139 139 1.43157932122584867e+02
140 139 1.04119422652041166e+02
141 139 -1.51901433806951380e+00
139 140 1.04119422652041166e+02
140 140 1.17817928525204550e+02
141 140 -1.34801035895967480e+00
139 141 -1.51901433806951380e+00
140 141 -1.34801035895967480e+00
141 141 5.12449560294290123e+01
142 142 1.44960269554808548e+02
143 142 1.02555595895388407e+02
144 142 -8.73001843742937567e+00
142 143 1.02555595895388407e+02
143 143 1.15190034785886539e+02
144 143 -7.58100723911799523e+00
142 144 -8.73001843742937567e+00
143 144 -7.58100723911799523e+00
144 144 5.35715229677560885e+01
145 145 1.92002318552934298e+02
146 145 8.87865746974335224e+01
147 145 -5.55687261891057283e+00
145 146 8.87865746974335224e+01
146 146 8.12490874468991535e+01
147 146 -3.24571669213850722e+00
145 147 -5.55687261891057283e+00
146 147 -3.24571669213850722e+00
147 147 6.67832305879297650e+01
148 148 1.90393524219806181e+02
149 148 9.13254930069685855e+01
150 148 -7.67066911464575796e+00
148 149 9.13254930069685855e+01
149 149 8.33355638231912224e+01
150 149 -4.58312089793313326e+00
148 150 -7.67066911464575796e+00
149 150 -4.58312089793313326e+00
150 150 6.44564496076116455e+01
151 151 1.79410084824537876e+02
152 151 8.99802350540390137e+01
153 151 -2.61907757977886391e+01
151 152 8.99802350540390137e+01
152 152 8.73219986507935459e+01
153 152 -1.67260004614500239e+01
151 153 -2.61907757977886391e+01
152 153 -1.67260004614500239e+01
153 153 7.08736695109040227e+01
154 154 1.50087550224536045e+02
155 154 8.88841980719858498e+01
156 154 -1.54651438263299408e+01
154 155 8.88841980719858498e+01
155 155 1.00708041996134838e+02
156 155 -1.20656500452104343e+01
154 156 -1.54651438263299408e+01
155 156 -1.20656500452104343e+01
156 156 6.88251659681575347e+01
157 157 1.46388469661933982e+02
158 157 9.22380497135868467e+01
159 157 -3.19810949052639515e+01
157 158 9.22380497135868467e+01
158 158 1.07070593447886466e+02
159 158 -2.63531108177357929e+01
157 159 -3.19810949052639515e+01
158 159 -2.63531108177357929e+01
159 159 7.35396351968997948e+01
160 160 1.42365376520088489e+02
161 160 1.02684434323090628e+02
162 160 1.76688153893213751e+00
160 161 1.02684434323090628e+02
161 161 1.17170195372664850e+02
162 161 1.56777560982510167e+00
160 162 1.76688153893213751e+00
161 162 1.56777560982510167e+00
162 162 5.26886999696846843e+01
163 163 1.75200391161659525e+02
164 163 8.95315308356967989e+01
165 163 1.25570492927421888e+01
163 164 8.95315308356967989e+01
164 164 8.82420534007970900e+01
165 164 8.18875652050085279e+00
163 165 1.25570492927421888e+01
164 165 8.18875652050085279e+00
165 165 6.71113523819645650e+01
166 166 1.79410084824537876e+02
167 166 8.99802350540390421e+01
168 166 2.61907757977885751e+01
166 167 8.99802350540390421e+01
167 167 8.73219986507935602e+01
168 167 1.67260004614499849e+01
166 168 2.61907757977885751e+01
167 168 1.67260004614499849e+01
168 168 7.08736695109039800e+01
169 169 1.90393524219806096e+02
170 169 9.13254930069685571e+01
171 169 7.67066911464578283e+00
169 170 9.13254930069685571e+01
170 170 8.33355638231912224e+01
171 170 4.58312089793314748e+00
169 171 7.67066911464578283e+00
170 171 4.58312089793314748e+00
171 171 6.44564496076116598e+01
172 172 1.74697535342261972e+02
173 172 9.54934059380683919e+01
174 172 -7.71083330401357347e+00
172 173 9.54934059380683919e+01
173 173 9.23072543044790592e+01
174 173 -5.19347312772644809e+00
172 174 -7.71083330401357347e+00
173 174 -5.19347312772644809e+00
174 174 6.03396372249618196e+01
175 175 1.83777770395135235e+02
176 175 9.28638031698022814e+01
177 175 -1.82886518225312145e+01
175 176 9.28638031698022814e+01
176 176 8.70287411752064628e+01
177 176 -1.14922312196457899e+01
175 177 -1.82886518225312145e+01
176 177 -1.14922312196457899e+01
177 177 6.50914481341699798e+01
178 178 1.92155222719840737e+02
179 178 9.21167907557814374e+01
180 178 -4.49158568767803956e+00
178 179 9.21167907557814374e+01
179 179 8.31473648050927494e+01
180 179 -2.66534550432024364e+00
178 180 -4.49158568767803956e+00
179 180 -2.66534550432024364e+00
180 180 6.33732808834923702e+01
181 181 1.67583683011055143e+02
182 181 9.90426824805424388e+01
183 181 3.14639862810812900e+01
181 182 9.90426824805424388e+01
182 182 9.93975393311392708e+01
183 182 2.28075416102137822e+01
181 183 3.14639862810812900e+01
182 183 2.28075416102137822e+01
183 183 6.49099372110835162e+01
184 184 1.50532625181908003e+02
185 184 9.18952294237728182e+01
186 184 3.40449815624117491e+01
184 185 9.18952294237728182e+01
185 185 1.04235520978644033e+02
186 185 2.71166225676280632e+01
184 186 3.40449815624117491e+01
185 186 2.71166225676280632e+01
186 186 7.48860027395473224e+01
187 187 1.23370163499929120e+02
188 187 8.43874781770071820e+01
189 187 1.12347480539226865e+01
187 188 8.43874781770071820e+01
188 188 1.16787400747905778e+02
189 188 1.08566430763365744e+01
187 189 1.12347480539226865e+01
188 189 1.08566430763365744e+01
189 189 7.25388402743092797e+01
190 190 1.13769289226465901e+02
191 190 7.66447700352003238e+01
192 190 1.43540223930692363e+01
190 191 7.66447700352003238e+01
191 191 1.18858914030492642e+02
192 191 1.47548785892894454e+01
190 192 1.43540223930692363e+01
191 192 1.47548785892894454e+01
192 192 8.15611762630594939e+01
193 193 1.31441702586206958e+02
194 193 1.07543211206896601e+02
195 193 -0.00000000000000000e+00
193 194 1.07543211206896601e+02
194 194 1.31441702586206958e+02
195 194 -0.00000000000000000e+00
193 195 -0.00000000000000000e+00
194 195 -0.00000000000000000e+00
195 195 4.77969827586207003e+01
196 196 2.08038179260629590e+02
197 196 1.03134948703169073e+02
198 196 1.94717302141122843e+01
196 197 1.03134948703169073e+02
197 197 8.44536715008406844e+01
198 197 1.11662280288798037e+01
196 198 1.94717302141122843e+01
197 198 1.11662280288798037e+01
198 198 5.47790268971874710e+01
199 199 1.80233520133985934e+02
200 199 7.70302554336638394e+01
201 199 3.74009719789961181e+01
199 200 7.70302554336638394e+01
200 200 7.97051122300219959e+01
201 200 2.23458872463548381e+01
199 201 3.74009719789961181e+01
200 201 2.23458872463548381e+01
201 201 8.94945137044522880e+01
202 202 1.60193096654219516e+02
203 202 1.01364175171629128e+02
204 202 5.34571437312288400e-01
202 203 1.01364175171629128e+02
203 203 1.03950293506890418e+02
204 203 4.09686802287658192e-01
202 204 5.34571437312288400e-01
203 204 4.09686802287658192e-01
204 204 5.39786396480024422e+01
205 205 1.46923535241099415e+02
206 205 1.03370551044533315e+02
207 205 -1.06294775115030471e+00
205 206 1.03370551044533315e+02
206 206 1.14297938167557277e+02
207 206 -9.11167119935739289e-01
205 207 -1.06294775115030471e+00
206 207 -9.11167119935739289e-01
207 207 5.19811228795173079e+01
208 208 1.62016366218082368e+02
209 208 1.01518729733819754e+02
210 208 -3.31802558894300592e+00
208 209 1.01518729733819754e+02
209 209 1.03025157098047671e+02
210 209 -2.51140190937518781e+00
208 210 -3.31802558894300592e+00
209 210 -2.51140190937518781e+00
210 210 5.39211009896274263e+01
211 211 1.96091424242123480e+02
212 211 8.90466970333513643e+01
213 211 3.81357317438971055e+00
211 212 8.90466970333513643e+01
212 212 8.00214311745483826e+01
213 212 2.17718146482176422e+00
211 213 3.81357317438971055e+00
212 213 2.17718146482176422e+00
213 213 6.63990713895103113e+01
214 214 1.91409420388699118e+02
215 214 8.90598387335577684e+01
216 214 1.79153201582814292e+00
214 215 8.90598387335577684e+01
215 215 8.15882239241690144e+01
216 215 1.05136196816084726e+00
214 216 1.79153201582814292e+00
215 216 1.05136196816084726e+00
216 216 6.63043058107569578e+01
217 217 1.87370886500067542e+02
218 217 8.86674802786614293e+01
219 217 3.53378040130716098e+00
217 218 8.86674802786614293e+01
218 218 8.27863085325656129e+01
219 218 2.12094825451940849e+00
217 219 3.53378040130716098e+00
218 219 2.12094825451940849e+00
219 219 6.67682007866459912e+01
220 220 1.31441702586206958e+02
221 220 1.07543211206896601e+02
222 220 -0.00000000000000000e+00
220 221 1.07543211206896601e+02
221 221 1.31441702586206958e+02
222 221 -0.00000000000000000e+00
220 222 -0.00000000000000000e+00
221 222 -0.00000000000000000e+00
222 222 4.77969827586207003e+01
223 223 1.30932825300397042e+02
224 223 9.21718891063412968e+01
225 223 -7.50147769891655347e+00
223 224 9.21718891063412968e+01
224 224 1.17183132285496754e+02
225 224 -7.00310018212748098e+00
223 225 -7.50147769891655347e+00
224 225 -7.00310018212748098e+00
225 225 6.38254791228663692e+01
226 226 1.36081755512182241e+02
227 226 8.28942335034400486e+01
228 226 -3.79520068626237173e+00
226 227 8.28942335034400486e+01
227 227 1.04745325080374826e+02
228 227 -3.22182700674234734e+00
226 228 -3.79520068626237173e+00
227 228 -3.22182700674234734e+00
228 228 7.26064517390107937e+01
229 229 1.66021709864302494e+02
230 229 8.81566870570355121e+01
231 229 -8.53520220993360290e+00
229 230 8.81566870570355121e+01
230 230 9.13551375308534546e+01
231 230 -5.88022128901284802e+00
229 231 -8.53520220993360290e+00
230 231 -5.88022128901284802e+00
231 231 6.78242332931378229e+01
232 232 1.77803087594435368e+02
233 232 8.89112450274015060e+01
234 232 -4.61662487501605145e+00
232 233 8.89112450274015060e+01
233 233 8.66125986229138647e+01
234 233 -2.94700867678912592e+00
232 234 -4.61662487501605145e+00
233 234 -2.94700867678912592e+00
234 234 6.66020531351375098e+01
235 235 1.87275030890221529e+02
236 235 8.93850560739683004e+01
237 235 -8.66732443511393313e+00
235 236 8.93850560739683004e+01
236 236 8.33103732606227680e+01
237 236 -5.22669143098771194e+00
235 237 -8.66732443511393313e+00
236 237 -5.22669143098771194e+00
237 237 6.65299030405753911e+01
238 238 1.77389049214790560e+02
239 238 9.45244430190077765e+01
240 238 -2.32690710060149044e+01
238 239 9.45244430190077765e+01
239 239 9.09848967971904301e+01
240 239 -1.53835112631026210e+01
238 240 -2.32690710060149044e+01
239 240 -1.53835112631026210e+01
240 240 6.52252214142574331e+01
241 241 1.83481233304566302e+02
242 241 9.34305183609012602e+01
243 241 -2.21294147354013973e+01
241 242 9.34305183609012602e+01
242 242 8.76575666536299849e+01
243 242 -1.39877535405039559e+01
241 243 -2.21294147354013973e+01
242 243 -1.39877535405039559e+01
243 243 6.57455461898636599e+01
244 244 1.80708269558437109e+02
245 244 9.46429952159589760e+01
246 244 -2.13386900251893472e+01
244 245 9.46429952159589760e+01
245 245 8.95406674662762327e+01
246 245 -1.38061526009841451e+01
244 246 -2.13386900251893472e+01
245 246 -1.38061526009841451e+01
246 246 6.43269125441835143e+01
247 247 1.31441702586206958e+02
248 247 1.07543211206896601e+02
249 247 -0.00000000000000000e+00
247 248 1.07543211206896601e+02
248 248 1.31441702586206958e+02
249 248 -0.00000000000000000e+00
247 249 -0.00000000000000000e+00
248 249 -0.00000000000000000e+00
249 249 4.77969827586207003e+01
250 250 1.21674991341024537e+02
251 250 8.27151871058223236e+01
252 250 -1.19832100754887279e+01
250 251 8.27151871058223236e+01
251 251 1.16809626391767139e+02
252 251 -1.16812632714347249e+01
250 252 -1.19832100754887279e+01
251 252 -1.16812632714347249e+01
252 252 7.44607920914419026e+01
253 253 1.41013889315587818e+02
254 253 8.84380047420274877e+01
255 253 -1.81204770367597625e+01
253 254 8.84380047420274877e+01
254 254 1.06474867455209562e+02
255 254 -1.52156509628605718e+01
253 255 -1.81204770367597625e+01
254 255 -1.52156509628605718e+01
255 255 7.04067634919646679e+01
256 256 1.65884210060938500e+02
257 256 8.89514334893128620e+01
258 256 1.22829650556732322e+01
256 257 8.89514334893128620e+01
257 257 9.20648745768741605e+01
258 257 8.51071426798940855e+00
256 258 1.22829650556732322e+01
257 258 8.51071426798940855e+00
258 258 6.77169858776723288e+01
259 259 1.51110752762768243e+02
260 259 8.86013508502332030e+01
261 259 7.47095319819506809e+00
259 260 8.86013508502332030e+01
260 260 9.95903520501144612e+01
261 260 5.76283413497558605e+00
259 261 7.47095319819506809e+00
260 261 5.76283413497558605e+00
261 261 6.72872881028448546e+01
262 262 1.35858012864824758e+02
263 262 8.60576335697207213e+01
264 262 1.07039852480632884e+01
262 263 8.60576335697207213e+01
263 263 1.07813673589715549e+02
264 263 9.26691663298509205e+00
262 264 1.07039852480632884e+01
263 264 9.26691663298509205e+00
264 264 7.05617649095187573e+01
265 265 1.73971117036750201e+02
266 265 9.20214565377199278e+01
267 265 5.08049689872202777e+01
265 266 9.20214565377199278e+01
266 266 9.31328566381533847e+01
267 266 3.45077233463302875e+01
265 267 5.08049689872202777e+01
266 267 3.45077233463302875e+01
267 267 8.48178687857391083e+01
268 268 1.49684469175734336e+02
269 268 9.26442155726184637e+01
270 268 3.95798248942635666e+01
268 269 9.26442155726184637e+01
269 269 1.06044543994081920e+02
270 269 3.19853496766198404e+01
268 270 3.95798248942635666e+01
269 270 3.19853496766198404e+01
270 270 7.82637166068905685e+01
271 271 1.38018303428586648e+02
272 271 8.82972427633746975e+01
273 271 4.10776810333025182e+01
271 272 8.82972427633746975e+01
272 272 1.11120411001241123e+02
273 272 3.59118860817721313e+01
271 273 4.10776810333025182e+01
272 273 3.59118860817721313e+01
273 273 8.55254549056312499e+01
274 274 1.84331365783672794e+02
275 274 9.52750844872696234e+01
276 274 3.63808351827807419e+00
274 275 9.52750844872696234e+01
275 275 8.80119529483811078e+01
276 275 2.29985573916756669e+00
274 276 3.63808351827807419e+00
275 276 2.29985573916756669e+00
276 276 6.01682340072376647e+01
277 277 1.92141903221733230e+02
278 277 9.24726075937510785e+01
279 277 5.74970803692081756e+00
277 278 9.24726075937510785e+01
278 278 8.33747895752091779e+01
279 278 3.41860342940709439e+00
277 279 5.74970803692081756e+00
278 279 3.41860342940709439e+00
279 279 6.31132062607399007e+01
280 280 1.81318863717688288e+02
281 280 9.51530054699585719e+01
282 280 8.52249247786933495e+00
280 281 9.51530054699585719e+01
281 281 8.92212485277614178e+01
282 281 5.48995029620035346e+00
280 282 8.52249247786933495e+00
281 282 5.48995029620035346e+00
282 282 6.07639314939110307e+01
283 283 1.59214619527647159e+02
284 283 9.70603468430709171e+01
285 283 -2.73139483695061926e+01
283 284 9.70603468430709171e+01
284 284 1.02286313471561456e+02
285 284 -2.07890192771957096e+01
283 285 -2.73139483695061926e+01
284 285 -2.07890192771957096e+01
285 285 6.51715955945336134e+01
286 286 1.72465925778281331e+02
287 286 9.76904158663542859e+01
288 286 -2.49636627360600372e+01
286 287 9.76904158663542859e+01
287 287 9.55029793250207035e+01
288 287 -1.73307204267533130e+01
286 288 -2.49636627360600372e+01
287 288 -1.73307204267533130e+01
288 288 6.28930575207337981e+01
289 289 1.81115320351782373e+02
290 289 9.86689221201818043e+01
291 289 -2.91922492712666681e+01
289 290 9.86689221201818043e+01
290 290 9.24092271312931501e+01
291 290 -1.92706941361401896e+01
289 291 -2.91922492712666681e+01
290 291 -1.92706941361401896e+01
291 291 6.34468459289549358e+01
292 292 1.66965748132851104e+02
293 292 9.09415347831884020e+01
294 292 -2.41807884717013444e+01
292 293 9.09415347831884020e+01
293 293 9.34511603776092272e+01
294 293 -1.68599869103302744e+01
292 294 -2.41807884717013444e+01
293 294 -1.68599869103302744e+01
294 294 6.95073624627066096e+01
295 295 1.47703294548105760e+02
296 295 9.15897197466252493e+01
297 295 -2.64442259196339329e+01
295 296 9.15897197466252493e+01
296 296 1.05111632587618288e+02
297 296 -2.14178200881123146e+01
295 297 -2.64442259196339329e+01
296 297 -2.14178200881123146e+01
297 297 7.08109543718229872e+01
298 298 1.35201531645262492e+02
299 298 8.77517482657894874e+01
300 298 -2.12012476572154434e+01
298 299 8.77517482657894874e+01
299 299 1.10453822415091196e+02
300 299 -1.86962633318199671e+01
298 300 -2.12012476572154434e+01
299 300 -1.86962633318199671e+01
300 300 7.26365209943081140e+01
301 301 1.94477584996800459e+02
302 301 9.07023781180560036e+01
303 301 -4.83068964301542714e+00
301 302 9.07023781180560036e+01
302 302 8.15182064041792955e+01
303 302 -2.80757772486311241e+00
301 303 -4.83068964301542714e+00
302 303 -2.80757772486311241e+00
303 303 6.48088183567097644e+01
304 304 1.90640675891002985e+02
305 304 9.11440458672690994e+01
306 304 -6.15778448441799853e+00
304 305 9.11440458672690994e+01
305 305 8.31204886351185763e+01
306 305 -3.66980735256685886e+00
304 306 -6.15778448441799853e+00
305 306 -3.66980735256685886e+00
306 306 6.44804066218754173e+01
307 307 1.90358530440904559e+02
308 307 9.05238288720009621e+01
309 307 -5.80529116572253656e+00
307 308 9.05238288720009621e+01
308 308 8.28474821090088795e+01
309 308 -3.45467500328454635e+00
307 309 -5.80529116572253656e+00
308 309 -3.45467500328454635e+00
309 309 6.50694393877193562e+01
310 310 1.60433107560319741e+02
311 310 1.00015094570103130e+02
312 310 9.34380021792880910e+00
310 311 1.00015094570103130e+02
311 311 1.02901967367604925e+02
312 311 7.10763728814676288e+00
310 312 9.34380021792880910e+00
311 312 7.10763728814676288e+00
312 312 5.61244077041292755e+01
313 313 1.47730929503014636e+02
314 313 1.01993092480134507e+02
315 313 7.23866153047916239e+00
313 314 1.01993092480134507e+02
314 314 1.12626868641100515e+02
315 314 6.12734491089887534e+00
313 315 7.23866153047916239e+00
314 315 6.12734491089887534e+00
315 315 5.38760240918780369e+01
316 316 1.61979438762652563e+02
317 316 1.00126239268470400e+02
318 316 5.60377216382904386e+00
316 317 1.00126239268470400e+02
317 317 1.02023349884364336e+02
318 317 4.21510320321317167e+00
316 318 5.60377216382904386e+00
317 318 4.21510320321317167e+00
318 318 5.54982287321254546e+01
319 319 1.67535447202224589e+02
320 319 8.87137315326743305e+01
321 319 1.61158155138560097e+01
319 320 8.87137315326743305e+01
320 320 9.12461044865856366e+01
321 320 1.10352021983414694e+01
319 321 1.61158155138560097e+01
320 321 1.10352021983414694e+01
321 321 6.88866703663503586e+01
322 322 1.79782755878011869e+02
323 322 8.97319954018565653e+01
324 322 2.17455874537149256e+01
322 323 8.97319954018565653e+01
323 323 8.67933846074386963e+01
324 323 1.38126719526375314e+01
322 324 2.17455874537149256e+01
323 324 1.38126719526375314e+01
324 324 6.94000387409538035e+01
325 325 1.89887389064990003e+02
326 325 9.00304163329894749e+01
327 325 1.86124412442483909e+01
325 326 9.00304163329894749e+01
326 326 8.30015121535243452e+01
327 326 1.11062810304464072e+01
325 327 1.86124412442483909e+01
326 327 1.11062810304464072e+01
327 327 6.79185588063039063e+01
328 328 1.31441702586206958e+02
329 328 1.07543211206896601e+02
330 328 -0.00000000000000000e+00
328 329 1.07543211206896601e+02
329 329 1.31441702586206958e+02
330 329 -0.00000000000000000e+00
328 330 -0.00000000000000000e+00
329 330 -0.00000000000000000e+00
330 330 4.77969827586207003e+01
331 331 1.40561418922274470e+02
332 331 1.00976613104713252e+02
333 331 -2.74649986205700980e+00
331 332 1.00976613104713252e+02
332 332 1.17088460995225262e+02
333 332 -2.45469609317671633e+00
331 333 -2.74649986205700980e+00
332 333 -2.45469609317671633e+00
333 333 5.44444041100052516e+01
334 334 1.36123329470936568e+02
335 334 8.26787032739826486e+01
336 334 6.27862239097583608e+00
334 335 8.26787032739826486e+01
335 335 1.04579815141903524e+02
336 335 5.32361179164862630e+00
334 336 6.27862239097583608e+00
335 336 5.32361179164862630e+00
336 336 7.31005768577391990e+01
337 337 1.35201531645262492e+02
338 337 8.77517482657894305e+01
339 337 2.12012476572154505e+01
337 338 8.77517482657894305e+01
338 338 1.10453822415091153e+02
339 338 1.86962633318199671e+01
337 339 2.12012476572154505e+01
338 339 1.86962633318199671e+01
339 339 7.26365209943081567e+01
340 340 1.47703294548105873e+02
341 340 9.15897197466252919e+01
342 340 2.64442259196339862e+01
340 341 9.15897197466252919e+01
341 341 1.05111632587618288e+02
342 341 2.14178200881123466e+01
340 342 2.64442259196339862e+01
341 342 2.14178200881123466e+01
342 342 7.08109543718229446e+01
343 343 1.66965748132851104e+02
344 343 9.09415347831883878e+01
345 343 2.41807884717012875e+01
343 344 9.09415347831883878e+01
344 344 9.34511603776091988e+01
345 344 1.68599869103302353e+01
343 345 2.41807884717012875e+01
344 345 1.68599869103302353e+01
345 345 6.95073624627066096e+01
346 346 1.36040858729621448e+02
347 346 8.58883417219290806e+01
348 346 5.05577083738653066e+00
346 347 8.58883417219290806e+01
347 347 1.07358949739619604e+02
348 347 4.36157056542755672e+00
346 348 5.05577083738653066e+00
347 348 4.36157056542755672e+00
348 348 6.97367670728819604e+01
349 349 1.50955284156043859e+02
350 349 8.86369778460268094e+01
351 349 9.58151803963772331e+00
349 350 8.86369778460268094e+01
350 350 9.97653022505197100e+01
351 350 7.40391273907170167e+00
349 351 9.58151803963772331e+00
350 351 7.40391273907170167e+00
351 351 6.76064095452172893e+01
352 352 1.66132227022371040e+02
353 352 8.87711499511190567e+01
354 352 5.99136720441662174e+00
352 353 8.87711499511190567e+01
353 353 9.16814698492534603e+01
354 353 4.13604212900380208e+00
352 354 5.99136720441662174e+00
353 354 4.13604212900380208e+00
354 354 6.68845148906979716e+01
355 355 1.31441702586206958e+02
356 355 1.07543211206896601e+02
357 355 -0.00000000000000000e+00
355 356 1.07543211206896601e+02
356 356 1.31441702586206958e+02
357 356 -0.00000000000000000e+00
355 357 -0.00000000000000000e+00
356 357 -0.00000000000000000e+00
357 357 4.77969827586207003e+01
358 358 1.35609763386464437e+02
359 358 9.72686236393887214e+01
360 358 -4.87462345306743838e+00
358 359 9.72686236393887214e+01
359 359 1.17822927989939146e+02
360 359 -4.46973601816330834e+00
358 360 -4.87462345306743838e+00
359 360 -4.46973601816330834e+00
360 360 5.83374561380777124e+01
361 361 1.36090271679494492e+02
362 361 8.28515204369929990e+01
363 361 1.84314250164352988e+00
361 362 8.28515204369929990e+01
362 362 1.04682120047066377e+02
363 362 1.56401196977659795e+00
361 363 1.84314250164352988e+00
362 363 1.56401196977659795e+00
363 363 7.25265236084530187e+01
364 364 1.90358530440904531e+02
365 364 9.05238288720009336e+01
366 364 5.80529116572256410e+00
364 365 9.05238288720009336e+01
365 365 8.28474821090088795e+01
366 365 3.45467500328456278e+00
364 366 5.80529116572256410e+00
365 366 3.45467500328456278e+00
366 366 6.50694393877193846e+01
367 367 1.90640675891002985e+02
368 367 9.11440458672690994e+01
369 367 6.15778448441802873e+00
367 368 9.11440458672690994e+01
368 368 8.31204886351185763e+01
369 368 3.66980735256687707e+00
367 369 6.15778448441802873e+00
368 369 3.66980735256687707e+00
369 369 6.44804066218754173e+01
370 370 1.94477584996800459e+02
371 370 9.07023781180560036e+01
372 370 4.83068964301543247e+00
370 371 9.07023781180560036e+01
371 371 8.15182064041792955e+01
372 371 2.80757772486311552e+00
370 372 4.83068964301543247e+00
371 372 2.80757772486311552e+00
372 372 6.48088183567097644e+01
373 373 1.87354429899436980e+02
374 373 8.86283086717906912e+01
375 373 1.83293372479261585e+00
373 374 8.86283086717906912e+01
374 374 8.27603498481209243e+01
375 374 1.09992581590588312e+00
373 375 1.83293372479261585e+00
374 375 1.09992581590588312e+00
375 375 6.67375775847952468e+01
376 376 1.92024041032094175e+02
377 376 8.88376055283603705e+01
378 376 3.87231568596347842e+00
376 377 8.88376055283603705e+01
377 377 8.12576839472552592e+01
378 377 2.26180631061680071e+00
376 378 3.87231568596347842e+00
377 378 2.26180631061680071e+00
378 378 6.66140737884519041e+01
379 379 1.95863062662402115e+02
380 379 8.90017743117113156e+01
381 379 2.24016779995904125e+00
379 380 8.90017743117113156e+01
380 380 8.00623845173385860e+01
381 380 1.28023489933708268e+00
379 381 2.24016779995904125e+00
380 381 1.28023489933708268e+00
381 381 6.63748977473351545e+01
382 382 1.66163790636463034e+02
383 382 8.80210956422743322e+01
384 382 4.23589646726173630e+00
382 383 8.80210956422743322e+01
383 383 9.11280473778866025e+01
384 383 2.91189672050649673e+00
382 384 4.23589646726173630e+00
383 384 2.91189672050649673e+00
384 384 6.74767511290839650e+01
385 385 1.75741743410032200e+02
386 385 8.93913058966684275e+01
387 385 8.23792601941417857e+00
385 386 8.93913058966684275e+01
386 386 8.78249814302843959e+01
387 386 5.34515826868203447e+00
385 387 8.23792601941417857e+00
386 387 5.34515826868203447e+00
387 387 6.65075515605891212e+01
388 388 1.87331765630141177e+02
389 388 8.92494101352834690e+01
390 388 4.26328079772365065e+00
388 389 8.92494101352834690e+01
389 389 8.31555176925669173e+01
390 389 2.56710494965767300e+00
388 390 4.26328079772365065e+00
389 390 2.56710494965767300e+00
390 390 6.62297974677837260e+01
391 391 1.62016366218082368e+02
392 391 1.01518729733819725e+02
393 391 3.31802558894300681e+00
391 392 1.01518729733819725e+02
392 392 1.03025157098047643e+02
393 392 2.51140190937518826e+00
391 393 3.31802558894300681e+00
392 393 2.51140190937518826e+00
393 393 5.39211009896274547e+01
394 394 1.46923535241099358e+02
395 394 1.03370551044533329e+02
396 394 1.06294775115031759e+00
394 395 1.03370551044533329e+02
395 395 1.14297938167557334e+02
396 395 9.11167119935751058e-01
394 396 1.06294775115031759e+00
395 396 9.11167119935751058e-01
396 396 5.19811228795172866e+01
397 397 1.60193096654219488e+02
398 397 1.01364175171629086e+02
399 397 -5.34571437312301390e-01
397 398 1.01364175171629086e+02
398 398 1.03950293506890418e+02
399 398 -4.09686802287668295e-01
397 399 -5.34571437312301390e-01
398 399 -4.09686802287668295e-01
399 399 5.39786396480024848e+01
400 400 1.82188297142143796e+02
401 400 9.46226493588102642e+01
402 400 7.12109515369745161e+00
400 401 9.46226493588102642e+01
401 401 8.85006059914242798e+01
402 401 4.54929063362451114e+00
400 402 7.12109515369745161e+00
401 402 4.54929063362451114e+00
402 402 6.11179967705689933e+01
403 403 1.75326069871911614e+02
404 403 9.64805307840863406e+01
405 403 5.31272826425320055e+00
403 404 9.64805307840863406e+01
404 404 9.26519909205332794e+01
405 404 3.57983095168617727e+00
403 405 5.31272826425320055e+00
404 405 3.57983095168617727e+00
405 405 5.90926547696439926e+01
406 406 1.85237426029399501e+02
407 406 9.47635189013811470e+01
408 406 2.69152645013069236e+00
406 407 9.47635189013811470e+01
407 407 8.73248353847930758e+01
408 407 1.68757817048522796e+00
406 408 2.69152645013069236e+00
407 408 1.68757817048522796e+00
408 408 6.06328015862886005e+01
409 409 1.77846872042254716e+02
410 409 9.39148187402400509e+01
411 409 1.95235146817036735e+01
409 410 9.39148187402400509e+01
410 410 9.02114987573041560e+01
411 410 1.28135598843863381e+01
409 411 1.95235146817036735e+01
410 411 1.28135598843863381e+01
411 411 6.45203056809053379e+01
412 412 1.75833450607177099e+02
413 412 9.50051844775689744e+01
414 412 1.91069573518138185e+01
412 413 9.50051844775689744e+01
413 413 9.18051134499133070e+01
414 413 1.27737596776930875e+01
412 414 1.91069573518138185e+01
413 414 1.27737596776930875e+01
414 414 6.33385629582897565e+01
415 415 1.81762249534847768e+02
416 415 9.41133700989234967e+01
417 415 1.78774554286335174e+01
415 416 9.41133700989234967e+01
416 416 8.86216513541556026e+01
417 416 1.14470700769602072e+01
415 417 1.78774554286335174e+01
416 417 1.14470700769602072e+01
417 417 6.37575140669364018e+01
418 418 1.89887389064989947e+02
419 418 9.00304163329894749e+01
420 418 -1.86124412442484228e+01
418 419 9.00304163329894749e+01
419 419 8.30015121535243736e+01
420 419 -1.11062810304464321e+01
418 420 -1.86124412442484228e+01
419 420 -1.11062810304464321e+01
420 420 6.79185588063039205e+01
